500 1
600 1
700 1
800 1
900 1
1000 1
1100 1
1200 1
1300 1
1400 2
1500 2
1600 3
1700 2
1800 2
1900 2
2000 3
2100 3
2200 3
2300 3
2400 3
2500 4
2600 3
2700 4
2800 4
2900 4
3000 4
3100 4
3200 5
3300 4
3400 5
3500 6
3600 5
3700 6
3800 6
3900 6
4000 7
4100 7
4200 7
4300 7
4400 9
4500 7
4600 7
4700 7
4800 7
4900 8
5000 7
5100 8
5200 7
5300 9
5400 8
5500 9
5600 9
5700 9
5800 12
5900 18
6000 18
6100 13
6200 16
6300 12
6400 12
6500 11
6600 11
6700 10
6800 11
6900 11
7000 11
7100 12
7200 11
7300 11
7400 12
7500 12
7600 12
7700 12
7800 13
7900 14
8000 14
8100 14
8200 14
8300 14
8400 15
8500 15
8600 16
8700 15
8800 16
8900 16
9000 16
9100 16
9200 17
9300 17
9400 17
9500 16
9600 16
9700 16
9800 15
9900 16
10000 16
10100 16
10200 17
10300 17
10400 17
10500 17
10600 17
10700 17
10800 19
10900 18
11000 18
11100 18
11200 19
11300 20
11400 19
11500 21
11600 21
11700 27
11800 32
11900 31
12000 31
12100 31
12200 30
12300 30
12400 30
12500 30
12600 30
12700 30
12800 30
12900 30
13000 30
13100 30
13200 31
13300 32
13400 32
13500 32
13600 32
13700 35
13800 35
13900 34
14000 33
14100 34
14200 34
14300 34
14400 35
14500 35
14600 35
14700 36
14800 36
14900 24
15000 22
15100 24
15200 22
15300 23
15400 22
15500 23
15600 23
15700 23
15800 23
15900 25
16000 25
16100 24
16200 24
16300 24
16400 24
16500 25
16600 27
16700 28
16800 28
16900 28
17000 27
17100 27
17200 27
17300 26
17400 27
17500 27
17600 28
17700 27
17800 27
17900 27
18000 28
18100 29
18200 30
18300 29
18400 28
18500 28
18600 29
18700 29
18800 31
18900 43
19000 48
19100 48
19200 49
19300 50
19400 48
19500 44
19600 32
19700 34
19800 35
19900 34
20000 34
20100 32
20200 33
20300 39
20400 41
20500 35
20600 32
20700 32
20800 32
20900 33
21000 32
21100 33
21200 33
21300 35
21400 36
21500 35
21600 37
21700 37
21800 35
21900 34
22000 35
22100 37
22200 37
22300 36
22400 35
22500 35
22600 37
22700 37
22800 37
22900 37
23000 37
23100 37
23200 38
23300 40
23400 37
23500 37
23600 56
23700 60
23800 60
23900 60
24000 61
24100 61
24200 47
24300 39
24400 41
24500 41
24600 41
24700 41
24800 42
24900 41
25000 43
25100 42
25200 42
25300 42
25400 42
25500 43
25600 45
25700 45
25800 43
25900 44
26000 44
26100 44
26200 44
26300 43
26400 41
26500 58
26600 39
26700 38
26800 39
26900 40
27000 41
27100 42
27200 42
27300 44
27400 42
27500 44
27600 45
27700 45
27800 46
27900 47
28000 45
28100 46
28200 46
28300 46
28400 48
28500 47
28600 47
28700 47
28800 46
28900 46
29000 63
29100 47
29200 46
29300 46
29400 47
29500 49
29600 47
29700 49
29800 49
29900 49
30000 50
30100 64
30200 48
30300 2643
30400 49
30500 51
30600 49
30700 50
30800 51
30900 51
31000 52
31100 53
31200 87
31300 69
31400 66
31500 63
31600 54
31700 54
31800 54
31900 54
32000 56
32100 57
32200 60
32300 71
32400 53
32500 53
32600 58
32700 58
32800 56
32900 56
33000 62
33100 61
33200 59
33300 54
33400 53
33500 54
33600 53
33700 55
33800 59
33900 57
34000 55
34100 54
34200 54
34300 55
34400 70
34500 55
34600 57
34700 63
34800 93
34900 63
35000 60
35100 61
35200 63
35300 78
35400 59
35500 60
35600 59
35700 60
35800 70
35900 92
36000 62
36100 61
36200 60
36300 82
36400 60
36500 61
36600 65
36700 62
36800 65
36900 68
37000 69
37100 74
37200 96
37300 81
37400 74
37500 72
37600 68
37700 64
37800 69
37900 70
38000 61
38100 75
38200 60
38300 60
38400 60
38500 61
38600 60
38700 61
38800 64
38900 63
39000 91
39100 69
39200 71
39300 71
39400 68
39500 66
39600 67
39700 71
39800 81
39900 65
40000 66
40100 65
40200 67
40300 66
40400 74
40500 83
40600 136
40700 89
40800 79
40900 79
41000 79
41100 76
41200 69
41300 70
41400 69
41500 66
41600 65
41700 65
41800 75
41900 67
42000 68
42100 69
42200 67
42300 66
42400 67
42500 68
42600 69
42700 68
42800 68
42900 66
43000 82
43100 68
43200 71
43300 71
43400 76
43500 77
43600 81
43700 81
43800 95
43900 74
44000 73
44100 71
44200 70
44300 70
44400 70
44500 71
44600 84
44700 77
44800 76
44900 70
45000 69
45100 71
45200 72
45300 105
45400 80
45500 78
45600 77
45700 74
45800 76
45900 78
46000 91
46100 74
46200 77
46300 76
46400 74
46500 75
46600 75
46700 88
46800 81
46900 93
47000 82
47100 108
47200 117
47300 101
47400 150
47500 101
47600 85
47700 86
47800 81
47900 86
48000 75
48100 97
48200 77
48300 91
48400 85
48500 103
48600 97
48700 113
48800 104
48900 91
49000 133
49100 89
49200 81
49300 76
49400 75
49500 89
49600 77
49700 99
49800 89
49900 89
50000 87
50100 81
50200 92
50300 131
50400 96
50500 87
50600 96
50700 91
50800 109
50900 81
51000 82
51100 111
51200 91
51300 87
51400 89
51500 88
51600 86
51700 89
51800 87
51900 96
52000 103
52100 107
52200 91
52300 92
52400 97
52500 95
52600 96
52700 107
52800 115
52900 97
53000 97
53100 104
53200 98
53300 94
53400 113
53500 90
53600 91
53700 90
53800 91
53900 90
54000 106
54100 92
54200 89
54300 91
54400 89
54500 88
54600 107
54700 92
54800 89
54900 94
55000 90
55100 90
55200 104
55300 87
55400 88
55500 89
55600 89
55700 93
55800 109
55900 90
56000 88
56100 90
56200 91
56300 106
56400 90
56500 87
56600 87
56700 86
56800 87
56900 104
57000 91
57100 91
57200 88
57300 103
57400 103
57500 117
57600 93
57700 95
57800 96
57900 99
58000 95
58100 108
58200 88
58300 93
58400 93
58500 91
58600 108
58700 98
58800 109
58900 114
59000 115
59100 107
59200 116
59300 101
59400 112
59500 109
59600 111
59700 109
59800 148
59900 104
60000 99
60100 120
60200 100
60300 114
60400 102
60500 111
60600 120
60700 105
60800 116
60900 101
61000 98
61100 100
61200 98
61300 99
61400 128
61500 96
61600 104
61700 94
61800 96
61900 112
62000 96
62100 96
62200 97
62300 97
62400 114
62500 96
62600 97
62700 97
62800 97
62900 102
63000 111
63100 96
63200 98
63300 99
63400 97
63500 111
63600 97
63700 96
63800 98
63900 97
64000 112
64100 97
64200 98
64300 97
64400 98
64500 110
64600 98
64700 98
64800 99
64900 99
65000 114
65100 97
65200 96
65300 96
65400 97
65500 109
65600 98
65700 97
65800 98
65900 100
66000 117
66100 99
66200 102
66300 106
66400 108
66500 124
66600 106
66700 107
66800 108
66900 113
67000 124
67100 108
67200 110
67300 113
67400 127
67500 112
67600 115
67700 2626
67800 112
67900 127
68000 112
68100 113
68200 113
68300 113
68400 127
68500 115
68600 115
68700 119
68800 116
68900 128
69000 116
69100 116
69200 115
69300 130
69400 117
69500 115
69600 115
69700 115
69800 133
69900 116
70000 117
70100 118
70200 118
70300 150
70400 119
70500 116
70600 118
70700 132
70800 112
70900 116
71000 114
71100 116
71200 127
71300 116
71400 117
71500 116
71600 131
71700 116
71800 115
71900 117
72000 119
72100 140
72200 119
72300 119
72400 121
72500 137
72600 118
72700 120
72800 121
72900 123
73000 127
73100 114
73200 114
73300 117
73400 128
73500 113
73600 113
73700 118
73800 116
73900 143
74000 114
74100 113
74200 115
74300 124
74400 120
74500 115
74600 113
74700 129
74800 115
74900 113
75000 113
75100 114
75200 129
75300 115
75400 113
75500 117
75600 133
75700 122
75800 119
75900 114
76000 132
76100 116
76200 113
76300 117
76400 131
76500 115
76600 115
76700 117
76800 131
76900 118
77000 118
77100 120
77200 135
77300 118
77400 117
77500 119
77600 119
77700 131
77800 120
77900 119
78000 125
78100 131
78200 120
78300 118
78400 120
78500 132
78600 121
78700 119
78800 123
78900 139
79000 119
79100 120
79200 123
79300 144
79400 120
79500 121
79600 123
79700 138
79800 123
79900 124
80000 126
80100 138
80200 124
80300 125
80400 128
80500 141
80600 125
80700 127
80800 126
80900 140
81000 126
81100 126
81200 126
81300 141
81400 126
81500 125
81600 124
81700 137
81800 126
81900 124
82000 129
82100 143
82200 127
82300 125
82400 128
82500 144
82600 128
82700 128
82800 129
82900 146
83000 128
83100 129
83200 143
83300 130
83400 130
83500 134
83600 148
83700 130
83800 131
83900 129
84000 147
84100 132
84200 129
84300 130
84400 143
84500 132
84600 129
84700 130
84800 147
84900 131
85000 135
85100 136
85200 147
85300 134
85400 134
85500 149
85600 135
85700 136
85800 136
85900 149
86000 135
86100 137
86200 136
86300 148
86400 136
86500 139
86600 155
86700 134
86800 137
86900 137
87000 150
87100 136
87200 137
87300 137
87400 151
87500 136
87600 138
87700 152
87800 137
87900 139
88000 141
88100 152
88200 138
88300 138
88400 141
88500 139
88600 139
88700 140
88800 153
88900 139
89000 139
89100 139
89200 154
89300 140
89400 142
89500 154
89600 140
89700 140
89800 151
89900 157
90000 141
90100 143
90200 159
90300 145
90400 144
90500 144
90600 158
90700 144
90800 144
90900 148
91000 152
91100 168
91200 172
91300 202
91400 165
91500 169
91600 166
91700 169
91800 165
91900 226
92000 178
92100 2759
92200 162
92300 179
92400 164
92500 165
92600 191
92700 224
92800 196
92900 164
93000 179
93100 168
93200 171
93300 166
93400 183
93500 167
93600 163
93700 181
93800 164
93900 164
94000 166
94100 179
94200 162
94300 168
94400 180
94500 163
94600 165
94700 183
94800 166
94900 167
95000 168
95100 182
95200 166
95300 168
95400 180
95500 169
95600 168
95700 176
95800 160
95900 159
96000 157
96100 174
96200 161
96300 159
96400 174
96500 160
96600 158
96700 177
96800 161
96900 158
97000 159
97100 184
97200 162
97300 163
97400 177
97500 162
97600 163
97700 178
97800 163
97900 166
98000 190
98100 164
98200 162
98300 162
98400 178
98500 162
98600 165
98700 177
98800 162
98900 163
99000 178
99100 167
99200 165
99300 178
99400 162
99500 166
99600 180
99700 164
99800 167
99900 179
100000 166
