500 2
600 1
700 1
800 1
900 1
1000 1
1100 1
1200 2
1300 2
1400 2
1500 2
1600 3
1700 2
1800 3
1900 3
2000 3
2100 3
2200 3
2300 4
2400 3
2500 4
2600 4
2700 5
2800 5
2900 6
3000 5
3100 7
3200 8
3300 7
3400 8
3500 7
3600 7
3700 7
3800 8
3900 8
4000 10
4100 8
4200 8
4300 8
4400 9
4500 9
4600 10
4700 10
4800 9
4900 12
5000 12
5100 10
5200 11
5300 11
5400 11
5500 10
5600 14
5700 14
5800 14
5900 14
6000 14
6100 12
6200 12
6300 12
6400 11
6500 11
6600 11
6700 11
6800 10
6900 11
7000 11
7100 12
7200 12
7300 13
7400 13
7500 13
7600 13
7700 13
7800 14
7900 15
8000 14
8100 15
8200 14
8300 14
8400 15
8500 14
8600 14
8700 14
8800 14
8900 14
9000 15
9100 15
9200 15
9300 17
9400 16
9500 16
9600 16
9700 16
9800 16
9900 16
10000 16
10100 24
10200 27
10300 27
10400 26
10500 26
10600 26
10700 26
10800 25
10900 24
11000 25
11100 26
11200 25
11300 25
11400 26
11500 27
11600 32
11700 37
11800 28
11900 18
12000 18
12100 18
12200 18
12300 19
12400 19
12500 19
12600 19
12700 18
12800 20
12900 19
13000 19
13100 20
13200 19
13300 20
13400 21
13500 20
13600 20
13700 21
13800 21
13900 21
14000 22
14100 23
14200 23
14300 22
14400 23
14500 26
14600 26
14700 23
14800 26
14900 23
15000 22
15100 24
15200 22
15300 23
15400 22
15500 23
15600 23
15700 26
15800 25
15900 26
16000 26
16100 28
16200 31
16300 30
16400 27
16500 26
16600 25
16700 26
16800 28
16900 28
17000 27
17100 26
17200 26
17300 28
17400 29
17500 27
17600 29
17700 28
17800 28
17900 28
18000 28
18100 28
18200 29
18300 29
18400 29
18500 30
18600 32
18700 32
18800 30
18900 31
19000 31
19100 30
19200 30
19300 30
19400 31
19500 31
19600 31
19700 31
19800 31
19900 31
20000 32
20100 32
20200 33
20300 33
20400 33
20500 33
20600 33
20700 33
20800 33
20900 32
21000 31
21100 31
21200 31
21300 32
21400 32
21500 32
21600 32
21700 33
21800 32
21900 32
22000 32
22100 33
22200 33
22300 34
22400 33
22500 33
22600 34
22700 34
22800 36
22900 35
23000 34
23100 34
23200 35
23300 36
23400 35
23500 34
23600 35
23700 34
23800 36
23900 36
24000 35
24100 35
24200 35
24300 36
24400 35
24500 35
24600 35
24700 36
24800 37
24900 36
25000 37
25100 37
25200 37
25300 37
25400 37
25500 37
25600 37
25700 40
25800 40
25900 40
26000 40
26100 41
26200 40
26300 40
26400 39
26500 54
26600 37
26700 38
26800 41
26900 41
27000 39
27100 39
27200 39
27300 40
27400 41
27500 41
27600 41
27700 40
27800 40
27900 40
28000 40
28100 44
28200 42
28300 42
28400 46
28500 44
28600 50
28700 66
28800 58
28900 47
29000 62
29100 45
29200 45
29300 46
29400 48
29500 52
29600 52
29700 54
29800 55
29900 56
30000 53
30100 67
30200 49
30300 49
30400 50
30500 54
30600 53
30700 54
30800 50
30900 49
31000 48
31100 48
31200 62
31300 48
31400 48
31500 49
31600 49
31700 49
31800 50
31900 49
32000 51
32100 52
32200 49
32300 63
32400 50
32500 48
32600 48
32700 49
32800 49
32900 49
33000 48
33100 57
33200 50
33300 51
33400 51
33500 50
33600 49
33700 50
33800 51
33900 51
34000 50
34100 52
34200 86
34300 53
34400 70
34500 53
34600 54
34700 61
34800 70
34900 70
35000 67
35100 74
35200 80
35300 84
35400 56
35500 57
35600 58
35700 57
35800 59
35900 60
36000 60
36100 62
36200 59
36300 76
36400 56
36500 57
36600 64
36700 75
36800 75
36900 60
37000 58
37100 56
37200 74
37300 70
37400 78
37500 81
37600 76
37700 69
37800 69
37900 81
38000 80
38100 88
38200 78
38300 79
38400 79
38500 90
38600 90
38700 79
38800 75
38900 90
39000 102
39100 76
39200 71
39300 73
39400 67
39500 63
39600 62
39700 64
39800 78
39900 63
40000 76
40100 78
40200 86
40300 89
40400 86
40500 90
40600 110
40700 84
40800 80
40900 69
41000 66
41100 69
41200 76
41300 87
41400 89
41500 91
41600 86
41700 85
41800 87
41900 80
42000 70
42100 69
42200 68
42300 67
42400 66
42500 70
42600 69
42700 94
42800 76
42900 72
43000 88
43100 69
43200 68
43300 68
43400 68
43500 69
43600 70
43700 71
43800 87
43900 71
44000 72
44100 71
44200 72
44300 73
44400 78
44500 77
44600 89
44700 74
44800 71
44900 71
45000 71
45100 71
45200 71
45300 88
45400 70
45500 70
45600 70
45700 71
45800 70
45900 72
46000 86
46100 71
46200 70
46300 71
46400 71
46500 74
46600 73
46700 86
46800 71
46900 71
47000 72
47100 72
47200 73
47300 72
47400 87
47500 73
47600 72
47700 73
47800 74
47900 72
48000 71
48100 91
48200 71
48300 73
48400 75
48500 72
48600 73
48700 74
48800 86
48900 74
49000 74
49100 73
49200 77
49300 75
49400 74
49500 88
49600 77
49700 75
49800 75
49900 76
50000 77
50100 77
50200 76
50300 77
50400 77
50500 77
50600 78
50700 79
50800 92
50900 78
51000 78
51100 79
51200 79
51300 80
51400 80
51500 79
51600 79
51700 84
51800 81
51900 82
52000 80
52100 97
52200 81
52300 82
52400 82
52500 81
52600 81
52700 97
52800 81
52900 84
53000 82
53100 81
53200 83
53300 82
53400 97
53500 83
53600 82
53700 82
53800 83
53900 84
54000 105
54100 89
54200 86
54300 86
54400 86
54500 86
54600 102
54700 84
54800 85
54900 85
55000 86
55100 86
55200 87
55300 85
55400 85
55500 87
55600 87
55700 86
55800 98
55900 85
56000 87
56100 93
56200 93
56300 113
56400 96
56500 93
56600 91
56700 92
56800 92
56900 108
57000 93
57100 93
57200 92
57300 93
57400 93
57500 111
57600 95
57700 95
57800 95
57900 95
58000 98
58100 115
58200 99
58300 100
58400 99
58500 105
58600 117
58700 100
58800 128
58900 101
59000 111
59100 107
59200 122
59300 102
59400 101
59500 102
59600 102
59700 104
59800 119
59900 103
60000 101
60100 100
60200 102
60300 123
60400 108
60500 104
60600 102
60700 102
60800 119
60900 103
61000 104
61100 106
61200 102
61300 105
61400 119
61500 100
61600 103
61700 104
61800 105
61900 120
62000 104
62100 104
62200 105
62300 105
62400 111
62500 95
62600 96
62700 97
62800 97
62900 97
63000 109
63100 95
63200 97
63300 99
63400 102
63500 111
63600 97
63700 96
63800 96
63900 96
64000 110
64100 97
64200 96
64300 98
64400 114
64500 145
64600 120
64700 104
64800 94
64900 108
65000 128
65100 109
65200 113
65300 143
65400 171
65500 186
65600 117
65700 110
65800 104
65900 101
66000 120
66100 101
66200 101
66300 100
66400 101
66500 115
66600 117
66700 119
66800 115
66900 105
67000 144
67100 104
67200 101
67300 101
67400 113
67500 103
67600 103
67700 102
67800 105
67900 121
68000 104
68100 103
68200 103
68300 104
68400 122
68500 109
68600 108
68700 110
68800 109
68900 121
69000 108
69100 109
69200 109
69300 123
69400 108
69500 110
69600 110
69700 112
69800 124
69900 109
70000 110
70100 109
70200 108
70300 124
70400 109
70500 111
70600 108
70700 124
70800 108
70900 111
71000 135
71100 123
71200 123
71300 111
71400 109
71500 112
71600 127
71700 109
71800 109
71900 112
72000 112
72100 124
72200 110
72300 110
72400 113
72500 127
72600 112
72700 111
72800 114
72900 112
73000 125
73100 111
73200 118
73300 116
73400 129
73500 118
73600 115
73700 124
73800 116
73900 140
74000 115
74100 117
74200 117
74300 131
74400 118
74500 116
74600 118
74700 133
74800 118
74900 121
75000 119
75100 120
75200 134
75300 120
75400 121
75500 120
75600 134
75700 120
75800 121
75900 121
76000 135
76100 121
76200 121
76300 119
76400 133
76500 123
76600 122
76700 120
76800 134
76900 122
77000 121
77100 121
77200 135
77300 122
77400 122
77500 122
77600 123
77700 135
77800 122
77900 123
78000 123
78100 135
78200 129
78300 126
78400 124
78500 138
78600 124
78700 124
78800 124
78900 139
79000 123
79100 121
79200 123
79300 136
79400 123
79500 123
79600 122
79700 138
79800 128
79900 122
80000 125
80100 138
80200 123
80300 124
80400 125
80500 141
80600 127
80700 127
80800 128
80900 141
81000 124
81100 126
81200 128
81300 143
81400 129
81500 127
81600 126
81700 140
81800 128
81900 128
82000 128
82100 144
82200 129
82300 129
82400 129
82500 144
82600 135
82700 131
82800 131
82900 152
83000 132
83100 131
83200 131
83300 131
83400 129
83500 132
83600 144
83700 131
83800 129
83900 133
84000 147
84100 138
84200 132
84300 132
84400 151
84500 135
84600 146
84700 145
84800 160
84900 145
85000 145
85100 145
85200 161
85300 145
85400 147
85500 164
85600 146
85700 151
85800 153
85900 166
86000 150
86100 151
86200 152
86300 164
86400 151
86500 151
86600 176
86700 151
86800 158
86900 161
87000 181
87100 152
87200 151
87300 152
87400 166
87500 152
87600 155
87700 168
87800 157
87900 147
88000 142
88100 154
88200 140
88300 139
88400 146
88500 138
88600 139
88700 140
88800 153
88900 138
89000 140
89100 140
89200 155
89300 143
89400 142
89500 154
89600 143
89700 153
89800 149
89900 156
90000 147
90100 147
90200 162
90300 153
90400 151
90500 147
90600 166
90700 177
90800 173
90900 160
91000 161
91100 185
91200 162
91300 185
91400 153
91500 214
91600 193
91700 186
91800 183
91900 166
92000 183
92100 150
92200 154
92300 161
92400 148
92500 149
92600 148
92700 166
92800 150
92900 158
93000 184
93100 175
93200 175
93300 162
93400 182
93500 185
93600 178
93700 181
93800 156
93900 155
94000 158
94100 164
94200 170
94300 195
94400 208
94500 189
94600 165
94700 186
94800 200
94900 160
95000 177
95100 201
95200 176
95300 179
95400 184
95500 159
95600 195
95700 245
95800 204
95900 178
96000 171
96100 168
96200 154
96300 154
96400 169
96500 155
96600 155
96700 169
96800 155
96900 159
97000 158
97100 172
97200 160
97300 159
97400 172
97500 159
97600 158
97700 173
97800 159
97900 159
98000 173
98100 159
98200 161
98300 161
98400 172
98500 158
98600 157
98700 173
98800 166
98900 158
99000 169
99100 160
99200 159
99300 171
99400 166
99500 163
99600 175
99700 161
99800 160
99900 191
100000 196
