500 2
600 1
700 1
800 1
900 1
1000 1
1100 1
1200 1
1300 2
1400 2
1500 2
1600 2
1700 2
1800 2
1900 2
2000 3
2100 3
2200 3
2300 3
2400 3
2500 3
2600 4
2700 4
2800 4
2900 4
3000 4
3100 4
3200 4
3300 5
3400 5
3500 5
3600 5
3700 5
3800 5
3900 6
4000 6
4100 6
4200 6
4300 6
4400 7
4500 6
4600 8
4700 9
4800 10
4900 10
5000 9
5100 9
5200 9
5300 8
5400 8
5500 8
5600 9
5700 10
5800 9
5900 9
6000 9
6100 10
6200 10
6300 10
6400 10
6500 10
6600 10
6700 10
6800 11
6900 11
7000 11
7100 11
7200 11
7300 11
7400 11
7500 12
7600 11
7700 12
7800 12
7900 12
8000 12
8100 13
8200 12
8300 13
8400 14
8500 13
8600 13
8700 13
8800 14
8900 14
9000 14
9100 14
9200 14
9300 14
9400 15
9500 15
9600 15
9700 15
9800 15
9900 16
10000 15
10100 16
10200 16
10300 16
10400 16
10500 16
10600 17
10700 17
10800 17
10900 17
11000 18
11100 18
11200 18
11300 18
11400 18
11500 18
11600 18
11700 18
11800 19
11900 19
12000 19
12100 19
12200 20
12300 20
12400 20
12500 20
12600 20
12700 20
12800 21
12900 20
13000 21
13100 21
13200 21
13300 21
13400 21
13500 23
13600 22
13700 21
13800 22
13900 21
14000 22
14100 22
14200 22
14300 22
14400 23
14500 23
14600 23
14700 23
14800 23
14900 24
15000 23
15100 25
15200 24
15300 24
15400 24
15500 24
15600 24
15700 25
15800 25
15900 25
16000 25
16100 29
16200 24
16300 25
16400 25
16500 25
16600 24
16700 26
16800 27
16900 29
17000 29
17100 29
17200 29
17300 29
17400 30
17500 30
17600 30
17700 29
17800 29
17900 29
18000 29
18100 30
18200 30
18300 31
18400 30
18500 31
18600 33
18700 31
18800 32
18900 32
19000 32
19100 32
19200 32
19300 32
19400 33
19500 33
19600 35
19700 35
19800 34
19900 35
20000 36
20100 35
20200 34
20300 34
20400 35
20500 36
20600 35
20700 36
20800 36
20900 36
21000 37
21100 37
21200 36
21300 37
21400 38
21500 37
21600 38
21700 38
21800 37
21900 40
22000 38
22100 40
22200 41
22300 39
22400 39
22500 40
22600 41
22700 41
22800 41
22900 42
23000 40
23100 41
23200 41
23300 40
23400 41
23500 42
23600 41
23700 42
23800 42
23900 42
24000 43
24100 42
24200 43
24300 43
24400 42
24500 43
24600 42
24700 45
24800 43
24900 43
25000 44
25100 44
25200 44
25300 45
25400 45
25500 45
25600 46
25700 46
25800 47
25900 47
26000 47
26100 46
26200 46
26300 46
26400 47
26500 64
26600 45
26700 45
26800 46
26900 46
27000 46
27100 47
27200 47
27300 48
27400 49
27500 47
27600 48
27700 48
27800 48
27900 48
28000 48
28100 49
28200 49
28300 49
28400 49
28500 50
28600 50
28700 50
28800 50
28900 50
29000 63
29100 48
29200 48
29300 48
29400 49
29500 50
29600 50
29700 50
29800 50
29900 50
30000 51
30100 66
30200 50
30300 50
30400 50
30500 50
30600 51
30700 51
30800 51
30900 52
31000 54
31100 52
31200 68
31300 55
31400 57
31500 53
31600 53
31700 53
31800 54
31900 54
32000 54
32100 54
32200 54
32300 70
32400 54
32500 54
32600 57
32700 54
32800 54
32900 54
33000 54
33100 54
33200 54
33300 55
33400 56
33500 55
33600 55
33700 56
33800 58
33900 58
34000 56
34100 56
34200 56
34300 57
34400 72
34500 58
34600 57
34700 58
34800 58
34900 60
35000 54
35100 55
35200 56
35300 104
35400 57
35500 57
35600 57
35700 63
35800 57
35900 56
36000 57
36100 57
36200 56
36300 76
36400 57
36500 57
36600 57
36700 60
36800 58
36900 57
37000 58
37100 58
37200 74
37300 59
37400 58
37500 59
37600 58
37700 58
37800 59
37900 59
38000 59
38100 75
38200 62
38300 60
38400 61
38500 60
38600 60
38700 60
38800 61
38900 61
39000 74
39100 62
39200 62
39300 63
39400 63
39500 63
39600 63
39700 64
39800 77
39900 64
40000 63
40100 64
40200 64
40300 64
40400 64
40500 65
40600 78
40700 65
40800 65
40900 65
41000 65
41100 66
41200 69
41300 68
41400 68
41500 68
41600 68
41700 67
41800 68
41900 69
42000 67
42100 68
42200 68
42300 67
42400 68
42500 68
42600 69
42700 69
42800 69
42900 72
43000 87
43100 70
43200 71
43300 71
43400 71
43500 72
43600 72
43700 72
43800 90
43900 73
44000 73
44100 73
44200 75
44300 72
44400 73
44500 73
44600 87
44700 73
44800 72
44900 72
45000 73
45100 74
45200 73
45300 87
45400 73
45500 72
45600 73
45700 78
45800 75
45900 74
46000 88
46100 73
46200 74
46300 74
46400 74
46500 75
46600 75
46700 88
46800 76
46900 77
47000 75
47100 75
47200 75
47300 76
47400 106
47500 76
47600 76
47700 76
47800 75
47900 76
48000 76
48100 94
48200 76
48300 77
48400 78
48500 77
48600 78
48700 78
48800 92
48900 79
49000 79
49100 79
49200 78
49300 78
49400 83
49500 94
49600 82
49700 81
49800 82
49900 82
50000 83
50100 83
50200 81
50300 81
50400 81
50500 82
50600 82
50700 83
50800 97
50900 83
51000 84
51100 86
51200 88
51300 86
51400 86
51500 87
51600 87
51700 86
51800 88
51900 87
52000 88
52100 103
52200 86
52300 87
52400 88
52500 87
52600 87
52700 102
52800 87
52900 88
53000 88
53100 88
53200 86
53300 89
53400 104
53500 86
53600 87
53700 89
53800 88
53900 88
54000 108
54100 88
54200 87
54300 87
54400 87
54500 87
54600 100
54700 87
54800 87
54900 88
55000 89
55100 92
55200 104
55300 91
55400 91
55500 91
55600 92
55700 92
55800 108
55900 104
56000 96
56100 93
56200 94
56300 107
56400 92
56500 92
56600 92
56700 93
56800 93
56900 108
57000 93
57100 93
57200 92
57300 93
57400 94
57500 108
57600 102
57700 101
57800 94
57900 97
58000 95
58100 109
58200 95
58300 100
58400 96
58500 96
58600 113
58700 96
58800 97
58900 97
59000 97
59100 99
59200 113
59300 98
59400 97
59500 97
59600 97
59700 99
59800 113
59900 99
60000 98
60100 102
60200 101
60300 118
60400 102
60500 102
60600 101
60700 102
60800 118
60900 102
61000 102
61100 103
61200 103
61300 102
61400 116
61500 102
61600 103
61700 104
61800 104
61900 119
62000 104
62100 103
62200 104
62300 103
62400 114
62500 100
62600 101
62700 101
62800 102
62900 102
63000 114
63100 101
63200 102
63300 102
63400 102
63500 116
63600 104
63700 105
63800 113
63900 113
64000 127
64100 115
64200 117
64300 115
64400 114
64500 129
64600 115
64700 116
64800 120
64900 117
65000 133
65100 118
65200 118
65300 117
65400 119
65500 136
65600 119
65700 120
65800 120
65900 121
66000 135
66100 118
66200 118
66300 121
66400 120
66500 134
66600 118
66700 119
66800 118
66900 118
67000 137
67100 119
67200 119
67300 120
67400 138
67500 128
67600 126
67700 126
67800 126
67900 142
68000 126
68100 127
68200 127
68300 127
68400 142
68500 128
68600 128
68700 129
68800 128
68900 141
69000 127
69100 131
69200 128
69300 145
69400 126
69500 127
69600 126
69700 128
69800 144
69900 128
70000 128
70100 124
70200 117
70300 133
70400 131
70500 135
70600 134
70700 148
70800 131
70900 126
71000 129
71100 123
71200 146
71300 136
71400 140
71500 135
71600 164
71700 120
71800 119
71900 118
72000 119
72100 133
72200 121
72300 122
72400 137
72500 151
72600 149
72700 133
72800 127
72900 120
73000 136
73100 120
73200 121
73300 122
73400 137
73500 121
73600 122
73700 133
73800 129
73900 139
74000 123
74100 123
74200 124
74300 138
74400 125
74500 124
74600 132
74700 156
74800 154
74900 135
75000 123
75100 124
75200 137
75300 126
75400 126
75500 125
75600 138
75700 125
75800 126
75900 128
76000 143
76100 129
76200 129
76300 128
76400 145
76500 129
76600 129
76700 129
76800 148
76900 132
77000 131
77100 131
77200 144
77300 128
77400 131
77500 128
77600 129
77700 142
77800 131
77900 132
78000 131
78100 146
78200 129
78300 130
78400 133
78500 142
78600 130
78700 133
78800 134
78900 148
79000 134
79100 134
79200 140
79300 150
79400 134
79500 135
79600 136
79700 150
79800 139
79900 137
80000 133
80100 149
80200 134
80300 134
80400 135
80500 163
80600 135
80700 135
80800 136
80900 149
81000 135
81100 137
81200 137
81300 159
81400 143
81500 139
81600 139
81700 153
81800 139
81900 139
82000 140
82100 154
82200 140
82300 140
82400 141
82500 154
82600 137
82700 141
82800 138
82900 153
83000 139
83100 140
83200 153
83300 142
83400 141
83500 141
83600 155
83700 140
83800 140
83900 140
84000 156
84100 146
84200 142
84300 141
84400 156
84500 142
84600 143
84700 143
84800 158
84900 144
85000 144
85100 144
85200 162
85300 144
85400 144
85500 161
85600 146
85700 146
85800 148
85900 158
86000 146
86100 147
86200 148
86300 162
86400 149
86500 151
86600 166
86700 149
86800 158
86900 155
87000 167
87100 149
87200 151
87300 151
87400 153
87500 162
87600 162
87700 178
87800 163
87900 161
88000 165
88100 183
88200 163
88300 163
88400 164
88500 168
88600 166
88700 163
88800 178
88900 165
89000 163
89100 172
89200 181
89300 167
89400 164
89500 180
89600 167
89700 175
89800 204
89900 184
90000 175
90100 167
90200 189
90300 169
90400 177
90500 172
90600 187
90700 170
90800 173
90900 175
91000 175
91100 174
91200 175
91300 191
91400 175
91500 180
91600 183
91700 179
91800 177
91900 179
92000 169
92100 156
92200 154
92300 169
92400 157
92500 174
92600 158
92700 172
92800 163
92900 160
93000 173
93100 162
93200 162
93300 164
93400 177
93500 163
93600 162
93700 178
93800 161
93900 163
94000 165
94100 179
94200 164
94300 164
94400 178
94500 164
94600 164
94700 180
94800 164
94900 165
95000 165
95100 179
95200 167
95300 166
95400 179
95500 166
95600 170
95700 180
95800 168
95900 167
96000 168
96100 184
96200 170
96300 169
96400 188
96500 171
96600 170
96700 186
96800 176
96900 170
97000 169
97100 186
97200 169
97300 170
97400 185
97500 169
97600 174
97700 185
97800 182
97900 177
98000 184
98100 174
98200 171
98300 171
98400 186
98500 174
98600 177
98700 190
98800 172
98900 172
99000 186
99100 173
99200 180
99300 208
99400 176
99500 178
99600 193
99700 178
99800 193
99900 194
100000 186
