500 0
600 0
700 0
800 0
900 0
1000 0
1100 1
1200 1
1300 1
1400 1
1500 1
1600 1
1700 1
1800 2
1900 2
2000 2
2100 2
2200 2
2300 3
2400 2
2500 3
2600 3
2700 3
2800 3
2900 3
3000 4
3100 4
3200 4
3300 4
3400 5
3500 5
3600 5
3700 5
3800 5
3900 5
4000 5
4100 5
4200 5
4300 5
4400 5
4500 6
4600 6
4700 10
4800 8
4900 11
5000 9
5100 11
5200 9
5300 10
5400 7
5500 7
5600 10
5700 8
5800 7
5900 8
6000 8
6100 8
6200 8
6300 8
6400 8
6500 8
6600 9
6700 9
6800 9
6900 9
7000 9
7100 9
7200 9
7300 9
7400 10
7500 10
7600 10
7700 10
7800 10
7900 11
8000 11
8100 11
8200 11
8300 11
8400 11
8500 11
8600 11
8700 12
8800 14
8900 12
9000 12
9100 12
9200 12
9300 13
9400 13
9500 13
9600 13
9700 14
9800 13
9900 13
10000 14
10100 14
10200 14
10300 14
10400 14
10500 14
10600 15
10700 15
10800 15
10900 15
11000 16
11100 16
11200 16
11300 16
11400 16
11500 16
11600 16
11700 16
11800 16
11900 17
12000 17
12100 17
12200 17
12300 17
12400 17
12500 18
12600 18
12700 22
12800 21
12900 19
13000 19
13100 19
13200 19
13300 20
13400 19
13500 19
13600 20
13700 20
13800 20
13900 20
14000 20
14100 21
14200 21
14300 21
14400 21
14500 21
14600 22
14700 22
14800 22
14900 22
15000 22
15100 22
15200 22
15300 22
15400 22
15500 23
15600 22
15700 23
15800 23
15900 23
16000 24
16100 24
16200 24
16300 24
16400 24
16500 25
16600 25
16700 25
16800 25
16900 25
17000 25
17100 25
17200 26
17300 26
17400 26
17500 26
17600 26
17700 26
17800 26
17900 26
18000 27
18100 27
18200 28
18300 26
18400 26
18500 26
18600 27
18700 27
18800 27
18900 27
19000 27
19100 27
19200 27
19300 28
19400 28
19500 28
19600 28
19700 28
19800 29
19900 29
20000 29
20100 29
20200 29
20300 30
20400 30
20500 30
20600 30
20700 30
20800 31
20900 31
21000 32
21100 31
21200 31
21300 31
21400 31
21500 31
21600 31
21700 32
21800 32
21900 32
22000 32
22100 32
22200 32
22300 32
22400 32
22500 32
22600 32
22700 33
22800 33
22900 33
23000 33
23100 33
23200 33
23300 34
23400 34
23500 34
23600 34
23700 34
23800 34
23900 34
24000 34
24100 34
24200 35
24300 35
24400 35
24500 35
24600 36
24700 36
24800 36
24900 36
25000 37
25100 37
25200 37
25300 37
25400 37
25500 37
25600 37
25700 37
25800 37
25900 37
26000 38
26100 38
26200 38
26300 38
26400 38
26500 38
26600 38
26700 39
26800 39
26900 39
27000 39
27100 39
27200 39
27300 39
27400 39
27500 40
27600 40
27700 40
27800 40
27900 40
28000 41
28100 41
28200 41
28300 41
28400 41
28500 41
28600 41
28700 42
28800 42
28900 42
29000 42
29100 42
29200 42
29300 42
29400 44
29500 43
29600 43
29700 43
29800 43
29900 43
30000 46
30100 43
30200 44
30300 44
30400 44
30500 45
30600 44
30700 44
30800 44
30900 45
31000 45
31100 45
31200 45
31300 45
31400 48
31500 46
31600 46
31700 46
31800 48
31900 47
32000 46
32100 47
32200 48
32300 47
32400 47
32500 48
32600 47
32700 47
32800 48
32900 48
33000 48
33100 48
33200 48
33300 48
33400 49
33500 49
33600 49
33700 49
33800 49
33900 50
34000 52
34100 53
34200 53
34300 53
34400 54
34500 54
34600 53
34700 52
34800 52
34900 53
35000 53
35100 52
35200 53
35300 54
35400 53
35500 53
35600 52
35700 53
35800 53
35900 54
36000 53
36100 53
36200 54
36300 54
36400 54
36500 54
36600 54
36700 55
36800 54
36900 55
37000 55
37100 55
37200 55
37300 55
37400 59
37500 58
37600 61
37700 57
37800 55
37900 56
38000 56
38100 56
38200 57
38300 58
38400 59
38500 58
38600 57
38700 58
38800 58
38900 57
39000 57
39100 57
39200 57
39300 57
39400 57
39500 57
39600 57
39700 58
39800 58
39900 58
40000 58
40100 58
40200 58
40300 58
40400 59
40500 59
40600 59
40700 59
40800 60
40900 60
41000 60
41100 60
41200 60
41300 60
41400 61
41500 62
41600 63
41700 63
41800 63
41900 62
42000 63
42100 63
42200 63
42300 62
42400 62
42500 62
42600 62
42700 63
42800 63
42900 71
43000 94
43100 69
43200 69
43300 69
43400 70
43500 70
43600 70
43700 72
43800 71
43900 70
44000 66
44100 65
44200 67
44300 70
44400 70
44500 68
44600 67
44700 68
44800 68
44900 68
45000 67
45100 67
45200 67
45300 70
45400 70
45500 69
45600 69
45700 70
45800 71
45900 73
46000 73
46100 74
46200 74
46300 71
46400 70
46500 70
46600 71
46700 73
46800 72
46900 73
47000 73
47100 72
47200 72
47300 72
47400 72
47500 72
47600 72
47700 72
47800 72
47900 72
48000 74
48100 73
48200 73
48300 73
48400 73
48500 73
48600 73
48700 73
48800 74
48900 74
49000 74
49100 74
49200 74
49300 74
49400 74
49500 75
49600 75
49700 75
49800 74
49900 75
50000 75
50100 76
50200 75
50300 75
50400 75
50500 75
50600 76
50700 76
50800 76
50900 76
51000 76
51100 76
51200 77
51300 77
51400 77
51500 76
51600 77
51700 77
51800 77
51900 77
52000 78
52100 78
52200 78
52300 78
52400 78
52500 79
52600 79
52700 79
52800 79
52900 79
53000 79
53100 79
53200 79
53300 80
53400 79
53500 80
53600 80
53700 80
53800 80
53900 81
54000 81
54100 81
54200 81
54300 82
54400 82
54500 82
54600 82
54700 83
54800 83
54900 83
55000 83
55100 83
55200 83
55300 83
55400 83
55500 84
55600 84
55700 84
55800 84
55900 84
56000 84
56100 85
56200 84
56300 85
56400 85
56500 85
56600 83
56700 84
56800 84
56900 84
57000 84
57100 84
57200 85
57300 85
57400 85
57500 85
57600 85
57700 85
57800 86
57900 86
58000 86
58100 86
58200 87
58300 87
58400 88
58500 87
58600 87
58700 88
58800 88
58900 88
59000 88
59100 88
59200 89
59300 89
59400 89
59500 89
59600 89
59700 89
59800 90
59900 90
60000 90
60100 90
60200 90
60300 90
60400 91
60500 90
60600 90
60700 90
60800 90
60900 92
61000 91
61100 91
61200 91
61300 91
61400 92
61500 92
61600 92
61700 92
61800 92
61900 92
62000 93
62100 92
62200 93
62300 92
62400 93
62500 96
62600 94
62700 94
62800 94
62900 95
63000 95
63100 95
63200 95
63300 95
63400 96
63500 96
63600 96
63700 96
63800 96
63900 96
64000 97
64100 97
64200 97
64300 97
64400 97
64500 96
64600 96
64700 96
64800 97
64900 97
65000 97
65100 97
65200 97
65300 97
65400 97
65500 96
65600 97
65700 97
65800 98
65900 98
66000 97
66100 98
66200 98
66300 99
66400 99
66500 99
66600 99
66700 99
66800 100
66900 100
67000 100
67100 100
67200 100
67300 101
67400 101
67500 101
67600 101
67700 101
67800 101
67900 102
68000 102
68100 102
68200 102
68300 102
68400 101
68500 102
68600 102
68700 102
68800 102
68900 102
69000 102
69100 103
69200 103
69300 103
69400 103
69500 104
69600 104
69700 104
69800 103
69900 103
70000 106
70100 105
70200 105
70300 105
70400 106
70500 106
70600 106
70700 106
70800 106
70900 107
71000 107
71100 107
71200 107
71300 107
71400 107
71500 107
71600 108
71700 108
71800 107
71900 107
72000 108
72100 108
72200 108
72300 108
72400 120
72500 114
72600 114
72700 111
72800 110
72900 109
73000 167
73100 144
73200 123
73300 117
73400 124
73500 174
73600 177
73700 167
73800 120
73900 114
74000 113
74100 113
74200 113
74300 113
74400 113
74500 114
74600 113
74700 117
74800 121
74900 122
75000 173
75100 127
75200 118
75300 117
75400 117
75500 118
75600 117
75700 116
75800 117
75900 117
76000 117
76100 117
76200 117
76300 118
76400 118
76500 117
76600 117
76700 118
76800 118
76900 118
77000 118
77100 119
77200 118
77300 119
77400 120
77500 123
77600 121
77700 119
77800 119
77900 120
78000 120
78100 120
78200 121
78300 122
78400 120
78500 121
78600 122
78700 122
78800 121
78900 122
79000 122
79100 122
79200 122
79300 122
79400 124
79500 125
79600 127
79700 126
79800 125
79900 124
80000 124
80100 126
80200 126
80300 127
80400 126
80500 126
80600 126
80700 125
80800 126
80900 126
81000 128
81100 128
81200 128
81300 128
81400 128
81500 128
81600 129
81700 129
81800 129
81900 129
82000 129
82100 129
82200 129
82300 129
82400 130
82500 130
82600 130
82700 130
82800 131
82900 131
83000 131
83100 131
83200 131
83300 131
83400 131
83500 132
83600 132
83700 132
83800 132
83900 132
84000 132
84100 132
84200 133
84300 133
84400 133
84500 135
84600 139
84700 140
84800 142
84900 141
85000 135
85100 132
85200 132
85300 132
85400 132
85500 133
85600 132
85700 133
85800 133
85900 133
86000 133
86100 133
86200 133
86300 133
86400 134
86500 134
86600 134
86700 134
86800 134
86900 134
87000 134
87100 134
87200 134
87300 135
87400 135
87500 136
87600 135
87700 135
87800 135
87900 135
88000 136
88100 135
88200 137
88300 137
88400 137
88500 137
88600 137
88700 137
88800 138
88900 138
89000 138
89100 138
89200 138
89300 138
89400 139
89500 139
89600 139
89700 138
89800 138
89900 139
90000 139
90100 139
90200 139
90300 139
90400 139
90500 140
90600 140
90700 150
90800 150
90900 151
91000 150
91100 151
91200 150
91300 150
91400 150
91500 151
91600 149
91700 150
91800 151
91900 158
92000 163
92100 162
92200 158
92300 159
92400 156
92500 147
92600 147
92700 149
92800 153
92900 161
93000 161
93100 161
93200 152
93300 147
93400 146
93500 147
93600 148
93700 146
93800 146
93900 146
94000 146
94100 146
94200 146
94300 147
94400 147
94500 147
94600 148
94700 147
94800 148
94900 149
95000 152
95100 152
95200 150
95300 152
95400 176
95500 164
95600 160
95700 166
95800 150
95900 150
96000 150
96100 160
96200 157
96300 157
96400 157
96500 157
96600 170
96700 167
96800 156
96900 161
97000 156
97100 161
97200 170
97300 195
97400 183
97500 167
97600 173
97700 174
97800 203
97900 176
98000 181
98100 172
98200 182
98300 184
98400 175
98500 185
98600 213
98700 165
98800 166
98900 166
99000 164
99100 180
99200 284
99300 194
99400 243
99500 173
99600 172
99700 171
99800 167
99900 164
100000 164
