500 0
600 0
700 0
800 0
900 0
1000 1
1100 1
1200 1
1300 2
1400 2
1500 2
1600 3
1700 3
1800 4
1900 4
2000 5
2100 5
2200 6
2300 6
2400 7
2500 7
2600 8
2700 9
2800 9
2900 10
3000 11
3100 12
3200 13
3300 13
3400 14
3500 15
3600 16
3700 16
3800 17
3900 18
4000 19
4100 20
4200 21
4300 22
4400 23
4500 26
4600 28
4700 30
4800 31
4900 32
5000 33
5100 33
5200 41
5300 45
5400 38
5500 42
5600 39
5700 39
5800 40
5900 40
6000 41
6100 42
6200 43
6300 43
6400 44
6500 45
6600 45
6700 46
6800 47
6900 48
7000 49
7100 50
7200 50
7300 51
7400 58
7500 54
7600 54
7700 54
7800 55
7900 56
8000 58
8100 58
8200 59
8300 59
8400 60
8500 61
8600 61
8700 62
8800 62
8900 63
9000 64
9100 65
9200 65
9300 66
9400 66
9500 66
9600 67
9700 64
9800 73
9900 74
10000 75
10100 75
10200 75
10300 71
10400 73
10500 72
10600 71
10700 72
10800 72
10900 72
11000 73
11100 72
11200 74
11300 73
11400 73
11500 74
11600 79
11700 77
11800 77
11900 76
12000 75
12100 75
12200 76
12300 77
12400 77
12500 77
12600 78
12700 79
12800 79
12900 79
13000 79
13100 79
13200 79
13300 74
13400 75
13500 76
13600 76
13700 76
13800 77
13900 77
14000 78
14100 78
14200 79
14300 78
14400 79
14500 79
14600 80
14700 78
14800 78
14900 79
15000 80
15100 80
15200 79
15300 82
15400 76
15500 75
15600 87
15700 88
15800 89
15900 89
16000 88
16100 91
16200 89
16300 90
16400 90
16500 90
16600 90
16700 91
16800 92
16900 93
17000 92
17100 93
17200 93
17300 94
17400 93
17500 95
17600 95
17700 95
17800 95
17900 96
18000 96
18100 97
18200 97
18300 97
18400 98
18500 100
18600 99
18700 99
18800 100
18900 100
19000 99
19100 100
19200 100
19300 106
19400 109
19500 103
19600 102
19700 106
19800 107
19900 106
20000 108
20100 109
20200 118
20300 115
20400 119
20500 118
20600 116
20700 117
20800 117
20900 118
21000 117
21100 118
21200 116
21300 116
21400 117
21500 117
21600 116
21700 116
21800 117
21900 116
22000 115
22100 115
22200 116
22300 116
22400 116
22500 116
22600 117
22700 116
22800 116
22900 117
23000 117
23100 117
23200 118
23300 117
23400 117
23500 117
23600 118
23700 86
23800 86
23900 87
24000 87
24100 87
24200 87
24300 87
24400 92
24500 91
24600 92
24700 92
24800 92
24900 92
25000 93
25100 93
25200 93
25300 94
25400 93
25500 93
25600 93
25700 92
25800 93
25900 94
26000 95
26100 95
26200 93
26300 89
26400 89
26500 89
26600 88
26700 88
26800 89
26900 91
27000 90
27100 92
27200 102
27300 94
27400 97
27500 99
27600 101
27700 109
27800 104
27900 103
28000 104
28100 105
28200 105
28300 106
28400 106
28500 104
28600 104
28700 104
28800 104
28900 104
29000 105
29100 106
29200 108
29300 109
29400 109
29500 110
29600 105
29700 108
29800 108
29900 108
30000 103
30100 104
30200 109
30300 113
30400 110
30500 109
30600 109
30700 110
30800 113
30900 97
31000 97
31100 98
31200 98
31300 99
31400 101
31500 99
31600 98
31700 100
31800 99
31900 99
32000 101
32100 100
32200 100
32300 100
32400 101
32500 104
32600 105
32700 103
32800 98
32900 103
33000 112
33100 114
33200 112
33300 113
33400 109
33500 106
33600 107
33700 108
33800 109
33900 108
34000 109
34100 109
34200 108
34300 110
34400 113
34500 120
34600 110
34700 110
34800 112
34900 113
35000 115
35100 117
35200 116
35300 116
35400 115
35500 115
35600 115
35700 115
35800 116
35900 117
36000 117
36100 117
36200 116
36300 119
36400 138
36500 132
36600 132
36700 132
36800 133
36900 134
37000 140
37100 134
37200 133
37300 133
37400 133
37500 133
37600 135
37700 140
37800 135
37900 134
38000 137
38100 136
38200 127
38300 127
38400 130
38500 131
38600 131
38700 133
38800 131
38900 132
39000 131
39100 136
39200 143
39300 133
39400 133
39500 117
39600 120
39700 115
39800 115
39900 114
40000 124
40100 130
40200 128
40300 134
40400 129
40500 131
40600 113
40700 115
40800 114
40900 115
41000 115
41100 115
41200 112
41300 108
41400 105
41500 105
41600 105
41700 109
41800 114
41900 113
42000 118
42100 105
42200 106
42300 105
42400 105
42500 83
42600 83
42700 84
42800 87
42900 97
43000 97
43100 106
43200 103
43300 104
43400 101
43500 96
43600 94
43700 90
43800 100
43900 99
44000 95
44100 97
44200 133
44300 169
44400 191
44500 150
44600 151
44700 169
44800 153
44900 147
45000 154
45100 150
45200 142
45300 136
45400 136
45500 135
45600 135
45700 135
45800 140
45900 127
46000 120
46100 118
46200 115
46300 115
46400 118
46500 115
46600 115
46700 115
46800 114
46900 116
47000 116
47100 119
47200 110
47300 110
47400 110
47500 112
47600 113
47700 114
47800 114
47900 113
48000 112
48100 113
48200 114
48300 116
48400 115
48500 115
48600 114
48700 116
48800 115
48900 113
49000 113
49100 112
49200 113
49300 113
49400 113
49500 115
49600 116
49700 115
49800 114
49900 114
50000 114
50100 116
50200 138
50300 123
50400 123
50500 136
50600 138
50700 140
50800 137
50900 137
51000 137
51100 137
51200 136
51300 139
51400 134
51500 120
51600 120
51700 121
51800 123
51900 125
52000 136
52100 134
52200 141
52300 142
52400 140
52500 185
52600 185
52700 187
52800 185
52900 186
53000 186
53100 180
53200 169
53300 169
53400 169
53500 171
53600 175
53700 171
53800 171
53900 171
54000 171
54100 171
54200 171
54300 171
54400 176
54500 178
54600 175
54700 172
54800 181
54900 169
55000 165
55100 167
55200 138
55300 135
55400 160
55500 141
55600 141
55700 144
55800 170
55900 172
56000 174
56100 148
56200 148
56300 150
56400 150
56500 197
56600 191
56700 190
56800 187
56900 194
57000 177
57100 179
57200 176
57300 186
57400 178
57500 177
57600 170
57700 169
57800 155
57900 154
58000 153
58100 156
58200 163
58300 172
58400 176
58500 177
58600 188
58700 169
58800 170
58900 167
59000 181
59100 187
59200 190
59300 176
59400 188
59500 190
59600 165
59700 166
59800 167
59900 168
60000 170
60100 168
60200 170
60300 170
60400 171
60500 170
60600 170
60700 173
60800 172
60900 173
61000 177
61100 177
61200 174
61300 155
61400 155
61500 163
61600 167
61700 156
61800 186
61900 155
62000 152
62100 166
62200 167
62300 166
62400 163
62500 163
62600 162
62700 163
62800 163
62900 165
63000 151
63100 147
63200 171
63300 185
63400 169
63500 170
63600 169
63700 173
63800 173
63900 226
64000 226
64100 228
64200 227
64300 236
64400 228
64500 223
64600 224
64700 226
64800 226
64900 225
65000 228
65100 227
65200 226
65300 227
65400 229
65500 226
65600 228
65700 227
65800 228
65900 230
66000 228
66100 229
66200 228
66300 229
66400 230
66500 237
66600 243
66700 242
66800 231
66900 227
67000 226
67100 225
67200 227
67300 230
67400 255
67500 272
67600 261
67700 258
67800 257
67900 257
68000 258
68100 257
68200 258
68300 257
68400 259
68500 258
68600 259
68700 258
68800 259
68900 233
69000 234
69100 238
69200 238
69300 236
69400 237
69500 237
69600 238
69700 239
69800 238
69900 239
70000 239
70100 241
70200 230
70300 229
70400 237
70500 235
70600 236
70700 227
70800 180
70900 178
71000 181
71100 180
71200 179
71300 180
71400 180
71500 180
71600 182
71700 187
71800 185
71900 184
72000 184
72100 204
72200 204
72300 204
72400 203
72500 205
72600 205
72700 206
72800 209
72900 209
73000 210
73100 211
73200 211
73300 211
73400 212
73500 212
73600 213
73700 215
73800 214
73900 217
74000 219
74100 219
74200 220
74300 220
74400 221
74500 208
74600 209
74700 210
74800 211
74900 212
75000 213
75100 212
75200 216
75300 218
75400 212
75500 213
75600 216
75700 214
75800 212
75900 213
76000 215
76100 215
76200 215
76300 215
76400 215
76500 217
76600 212
76700 212
76800 214
76900 216
77000 218
77100 219
77200 233
77300 220
77400 221
77500 222
77600 265
77700 265
77800 267
77900 264
78000 265
78100 265
78200 266
78300 266
78400 266
78500 265
78600 265
78700 265
78800 263
78900 270
79000 270
79100 270
79200 270
79300 272
79400 273
79500 274
79600 272
79700 272
79800 272
79900 278
80000 272
80100 277
80200 271
80300 272
80400 274
80500 274
80600 272
80700 274
80800 281
80900 274
81000 276
81100 274
81200 274
81300 275
81400 274
81500 274
81600 280
81700 276
81800 264
81900 263
82000 265
82100 263
82200 270
82300 262
82400 261
82500 263
82600 262
82700 264
82800 261
82900 263
83000 265
83100 265
83200 264
83300 265
83400 264
83500 271
83600 267
83700 272
83800 272
83900 267
84000 267
84100 286
84200 282
84300 280
84400 281
84500 280
84600 281
84700 281
84800 280
84900 282
85000 283
85100 283
85200 284
85300 284
85400 283
85500 283
85600 283
85700 283
85800 283
85900 281
86000 284
86100 288
86200 285
86300 290
86400 291
86500 289
86600 286
86700 305
86800 312
86900 309
87000 310
87100 338
87200 286
87300 324
87400 373
87500 342
87600 397
87700 354
87800 299
87900 314
88000 347
88100 299
88200 288
88300 286
88400 304
88500 301
88600 314
88700 352
88800 330
88900 331
89000 344
89100 299
89200 270
89300 268
89400 264
89500 265
89600 265
89700 262
89800 263
89900 259
90000 261
90100 269
90200 264
90300 262
90400 299
90500 300
90600 298
90700 298
90800 300
90900 299
91000 300
91100 301
91200 302
91300 304
91400 303
91500 307
91600 306
91700 306
91800 308
91900 308
92000 309
92100 309
92200 311
92300 310
92400 313
92500 312
92600 312
92700 315
92800 315
92900 315
93000 316
93100 319
93200 321
93300 321
93400 321
93500 322
93600 323
93700 320
93800 320
93900 322
94000 323
94100 324
94200 324
94300 360
94400 361
94500 361
94600 336
94700 338
94800 336
94900 337
95000 337
95100 339
95200 339
95300 343
95400 342
95500 344
95600 344
95700 346
95800 323
95900 327
96000 327
96100 330
96200 330
96300 332
96400 334
96500 337
96600 362
96700 349
96800 350
96900 354
97000 355
97100 355
97200 356
97300 360
97400 359
97500 361
97600 391
97700 394
97800 417
97900 429
98000 432
98100 450
98200 445
98300 447
98400 449
98500 449
98600 457
98700 451
98800 428
98900 456
99000 478
99100 534
99200 540
99300 546
99400 480
99500 490
99600 476
99700 475
99800 411
99900 396
100000 395
