500 0
600 0
700 0
800 0
900 0
1000 0
1100 0
1200 0
1300 0
1400 0
1500 0
1600 0
1700 0
1800 0
1900 0
2000 0
2100 0
2200 0
2300 0
2400 0
2500 0
2600 0
2700 1
2800 1
2900 1
3000 1
3100 1
3200 1
3300 1
3400 1
3500 1
3600 1
3700 1
3800 1
3900 1
4000 1
4100 1
4200 1
4300 1
4400 1
4500 1
4600 1
4700 1
4800 1
4900 2
5000 2
5100 1
5200 3
5300 2
5400 2
5500 2
5600 3
5700 2
5800 2
5900 2
6000 3
6100 2
6200 2
6300 2
6400 2
6500 3
6600 2
6700 2
6800 2
6900 2
7000 3
7100 2
7200 2
7300 2
7400 2
7500 3
7600 3
7700 3
7800 2
7900 2
8000 3
8100 3
8200 3
8300 3
8400 3
8500 3
8600 3
8700 3
8800 3
8900 3
9000 3
9100 3
9200 3
9300 3
9400 3
9500 3
9600 3
9700 3
9800 3
9900 3
10000 3
10100 3
10200 3
10300 4
10400 4
10500 4
10600 4
10700 4
10800 5
10900 5
11000 5
11100 6
11200 9
11300 9
11400 10
11500 10
11600 9
11700 10
11800 6
11900 5
12000 6
12100 5
12200 5
12300 5
12400 6
12500 6
12600 6
12700 6
12800 6
12900 6
13000 6
13100 6
13200 6
13300 6
13400 6
13500 6
13600 6
13700 6
13800 6
13900 6
14000 6
14100 6
14200 6
14300 6
14400 6
14500 6
14600 6
14700 6
14800 6
14900 6
15000 6
15100 7
15200 6
15300 7
15400 6
15500 7
15600 7
15700 6
15800 7
15900 7
16000 7
16100 7
16200 7
16300 7
16400 7
16500 7
16600 7
16700 7
16800 7
16900 7
17000 7
17100 7
17200 7
17300 7
17400 7
17500 8
17600 7
17700 7
17800 7
17900 7
18000 7
18100 7
18200 7
18300 8
18400 8
18500 8
18600 7
18700 8
18800 7
18900 8
19000 8
19100 8
19200 8
19300 8
19400 8
19500 8
19600 8
19700 8
19800 8
19900 8
20000 8
20100 8
20200 8
20300 8
20400 8
20500 8
20600 9
20700 9
20800 9
20900 9
21000 9
21100 10
21200 10
21300 10
21400 10
21500 10
21600 10
21700 10
21800 10
21900 10
22000 11
22100 11
22200 11
22300 11
22400 11
22500 11
22600 12
22700 11
22800 11
22900 12
23000 12
23100 12
23200 12
23300 12
23400 12
23500 12
23600 12
23700 12
23800 12
23900 12
24000 12
24100 12
24200 12
24300 12
24400 12
24500 12
24600 12
24700 12
24800 12
24900 12
25000 12
25100 12
25200 12
25300 12
25400 12
25500 12
25600 12
25700 12
25800 12
25900 12
26000 12
26100 12
26200 12
26300 12
26400 13
26500 13
26600 13
26700 13
26800 13
26900 13
27000 13
27100 13
27200 13
27300 13
27400 13
27500 13
27600 13
27700 13
27800 13
27900 13
28000 13
28100 13
28200 13
28300 14
28400 13
28500 13
28600 13
28700 13
28800 13
28900 13
29000 14
29100 14
29200 14
29300 14
29400 14
29500 14
29600 14
29700 14
29800 14
29900 18
30000 21
30100 20
30200 21
30300 21
30400 21
30500 21
30600 21
30700 22
30800 21
30900 21
31000 21
31100 21
31200 21
31300 21
31400 21
31500 22
31600 21
31700 21
31800 21
31900 21
32000 22
32100 22
32200 21
32300 21
32400 20
32500 21
32600 21
32700 21
32800 21
32900 21
33000 22
33100 18
33200 15
33300 15
33400 15
33500 15
33600 15
33700 20
33800 15
33900 15
34000 15
34100 15
34200 16
34300 16
34400 22
34500 16
34600 15
34700 16
34800 16
34900 16
35000 16
35100 16
35200 20
35300 15
35400 15
35500 15
35600 15
35700 15
35800 15
35900 15
36000 15
36100 15
36200 15
36300 16
36400 16
36500 17
36600 21
36700 16
36800 17
36900 17
37000 17
37100 17
37200 16
37300 17
37400 16
37500 16
37600 17
37700 17
37800 17
37900 25
38000 20
38100 19
38200 19
38300 17
38400 17
38500 18
38600 18
38700 19
38800 19
38900 19
39000 19
39100 19
39200 18
39300 22
39400 16
39500 19
39600 21
39700 18
39800 18
39900 18
40000 17
40100 18
40200 18
40300 18
40400 19
40500 19
40600 20
40700 19
40800 19
40900 20
41000 20
41100 21
41200 21
41300 21
41400 22
41500 21
41600 20
41700 20
41800 26
41900 22
42000 21
42100 21
42200 22
42300 23
42400 22
42500 22
42600 23
42700 25
42800 25
42900 25
43000 26
43100 25
43200 25
43300 24
43400 25
43500 25
43600 25
43700 25
43800 25
43900 26
44000 27
44100 41
44200 25
44300 26
44400 25
44500 24
44600 24
44700 24
44800 25
44900 25
45000 26
45100 34
45200 29
45300 26
45400 26
45500 26
45600 25
45700 27
45800 27
45900 26
46000 25
46100 31
46200 25
46300 25
46400 25
46500 25
46600 25
46700 25
46800 26
46900 27
47000 27
47100 34
47200 26
47300 29
47400 29
47500 29
47600 30
47700 30
47800 32
47900 30
48000 30
48100 36
48200 28
48300 28
48400 28
48500 28
48600 29
48700 28
48800 28
48900 30
49000 29
49100 34
49200 29
49300 26
49400 25
49500 25
49600 25
49700 25
49800 25
49900 26
50000 30
50100 25
50200 26
50300 26
50400 26
50500 26
50600 26
50700 25
50800 26
50900 26
51000 26
51100 26
51200 26
51300 26
51400 26
51500 26
51600 26
51700 26
51800 26
51900 30
52000 25
52100 26
52200 25
52300 25
52400 25
52500 26
52600 26
52700 26
52800 30
52900 25
53000 25
53100 25
53200 25
53300 26
53400 25
53500 25
53600 31
53700 26
53800 26
53900 26
54000 26
54100 26
54200 26
54300 26
54400 26
54500 31
54600 26
54700 26
54800 26
54900 26
55000 26
55100 27
55200 26
55300 26
55400 31
55500 27
55600 26
55700 26
55800 26
55900 26
56000 27
56100 27
56200 31
56300 26
56400 26
56500 26
56600 26
56700 27
56800 26
56900 26
57000 31
57100 27
57200 29
57300 26
57400 26
57500 26
57600 26
57700 26
57800 31
57900 26
58000 26
58100 26
58200 26
58300 26
58400 26
58500 26
58600 26
58700 32
58800 27
58900 26
59000 27
59100 27
59200 27
59300 27
59400 27
59500 27
59600 27
59700 27
59800 27
59900 27
60000 27
60100 27
60200 27
60300 28
60400 27
60500 27
60600 27
60700 27
60800 27
60900 27
61000 32
61100 27
61200 27
61300 28
61400 28
61500 28
61600 28
61700 27
61800 32
61900 28
62000 28
62100 27
62200 27
62300 27
62400 27
62500 27
62600 33
62700 27
62800 28
62900 28
63000 28
63100 28
63200 28
63300 33
63400 29
63500 29
63600 28
63700 28
63800 28
63900 28
64000 28
64100 33
64200 28
64300 28
64400 28
64500 28
64600 28
64700 28
64800 33
64900 28
65000 28
65100 28
65200 28
65300 28
65400 28
65500 33
65600 28
65700 28
65800 28
65900 28
66000 29
66100 29
66200 33
66300 29
66400 29
66500 29
66600 29
66700 28
66800 28
66900 33
67000 29
67100 29
67200 29
67300 29
67400 29
67500 29
67600 29
67700 29
67800 30
67900 30
68000 30
68100 31
68200 32
68300 29
68400 30
68500 29
68600 30
68700 30
68800 30
68900 30
69000 34
69100 30
69200 30
69300 30
69400 31
69500 30
69600 30
69700 34
69800 30
69900 30
70000 30
70100 30
70200 30
70300 30
70400 35
70500 31
70600 31
70700 31
70800 31
70900 31
71000 31
71100 34
71200 31
71300 30
71400 30
71500 30
71600 30
71700 31
71800 37
71900 31
72000 31
72100 30
72200 31
72300 31
72400 35
72500 30
72600 30
72700 30
72800 31
72900 31
73000 31
73100 31
73200 30
73300 30
73400 31
73500 31
73600 31
73700 35
73800 30
73900 30
74000 31
74100 31
74200 31
74300 31
74400 31
74500 31
74600 31
74700 31
74800 31
74900 31
75000 36
75100 31
75200 31
75300 31
75400 31
75500 31
75600 36
75700 31
75800 31
75900 31
76000 31
76100 31
76200 35
76300 30
76400 31
76500 31
76600 31
76700 32
76800 32
76900 31
77000 31
77100 31
77200 31
77300 31
77400 31
77500 36
77600 31
77700 31
77800 32
77900 32
78000 32
78100 37
78200 32
78300 32
78400 32
78500 32
78600 32
78700 43
78800 50
78900 43
79000 34
79100 34
79200 34
79300 38
79400 34
79500 33
79600 33
79700 33
79800 34
79900 38
80000 34
80100 34
80200 34
80300 34
80400 34
80500 54
80600 48
80700 34
80800 34
80900 34
81000 34
81100 39
81200 34
81300 34
81400 34
81500 34
81600 34
81700 38
81800 34
81900 38
82000 43
82100 36
82200 35
82300 40
82400 37
82500 37
82600 37
82700 37
82800 40
82900 36
83000 37
83100 38
83200 38
83300 37
83400 43
83500 38
83600 38
83700 38
83800 38
83900 39
84000 43
84100 39
84200 39
84300 40
84400 40
84500 45
84600 40
84700 40
84800 39
84900 40
85000 41
85100 45
85200 39
85300 39
85400 40
85500 40
85600 44
85700 40
85800 39
85900 40
86000 40
86100 48
86200 40
86300 40
86400 41
86500 41
86600 41
86700 47
86800 41
86900 42
87000 42
87100 43
87200 47
87300 42
87400 43
87500 43
87600 43
87700 47
87800 43
87900 43
88000 43
88100 44
88200 48
88300 43
88400 43
88500 44
88600 44
88700 49
88800 44
88900 44
89000 45
89100 45
89200 50
89300 46
89400 47
89500 47
89600 47
89700 52
89800 48
89900 47
90000 48
90100 48
90200 54
90300 47
90400 47
90500 48
90600 49
90700 53
90800 48
90900 48
91000 48
91100 48
91200 56
91300 48
91400 48
91500 48
91600 55
91700 53
91800 49
91900 50
92000 49
92100 54
92200 48
92300 48
92400 49
92500 49
92600 54
92700 49
92800 49
92900 49
93000 49
93100 54
93200 49
93300 49
93400 49
93500 54
93600 49
93700 49
93800 49
93900 49
94000 54
94100 48
94200 49
94300 49
94400 49
94500 55
94600 50
94700 56
94800 51
94900 61
95000 59
95100 50
95200 50
95300 49
95400 54
95500 49
95600 52
95700 50
95800 57
95900 48
96000 50
96100 49
96200 49
96300 54
96400 48
96500 49
96600 49
96700 55
96800 49
96900 49
97000 49
97100 49
97200 53
97300 49
97400 49
97500 49
97600 49
97700 49
97800 49
97900 49
98000 49
98100 54
98200 49
98300 49
98400 50
98500 50
98600 54
98700 49
98800 49
98900 50
99000 55
99100 49
99200 50
99300 49
99400 50
99500 55
99600 51
99700 50
99800 51
99900 55
100000 51
