500 0
600 0
700 0
800 0
900 0
1000 0
1100 0
1200 0
1300 0
1400 0
1500 0
1600 0
1700 0
1800 0
1900 0
2000 0
2100 0
2200 0
2300 0
2400 0
2500 0
2600 0
2700 1
2800 0
2900 0
3000 0
3100 0
3200 0
3300 0
3400 1
3500 1
3600 1
3700 1
3800 1
3900 1
4000 1
4100 1
4200 1
4300 1
4400 1
4500 1
4600 1
4700 1
4800 1
4900 1
5000 1
5100 1
5200 1
5300 1
5400 2
5500 1
5600 2
5700 2
5800 2
5900 2
6000 2
6100 2
6200 2
6300 2
6400 2
6500 2
6600 2
6700 2
6800 2
6900 2
7000 2
7100 2
7200 2
7300 2
7400 2
7500 2
7600 2
7700 2
7800 2
7900 2
8000 2
8100 3
8200 2
8300 2
8400 2
8500 3
8600 3
8700 3
8800 3
8900 3
9000 3
9100 3
9200 3
9300 3
9400 3
9500 3
9600 3
9700 3
9800 3
9900 3
10000 3
10100 3
10200 3
10300 3
10400 3
10500 4
10600 4
10700 4
10800 4
10900 4
11000 4
11100 4
11200 4
11300 4
11400 4
11500 4
11600 4
11700 4
11800 4
11900 4
12000 4
12100 4
12200 4
12300 4
12400 4
12500 4
12600 4
12700 4
12800 4
12900 4
13000 4
13100 4
13200 4
13300 4
13400 4
13500 4
13600 4
13700 4
13800 4
13900 5
14000 5
14100 5
14200 4
14300 5
14400 5
14500 5
14600 5
14700 5
14800 5
14900 5
15000 5
15100 5
15200 5
15300 5
15400 5
15500 5
15600 5
15700 5
15800 5
15900 5
16000 5
16100 5
16200 5
16300 5
16400 5
16500 5
16600 5
16700 5
16800 5
16900 5
17000 5
17100 5
17200 5
17300 5
17400 5
17500 6
17600 5
17700 5
17800 5
17900 5
18000 6
18100 6
18200 6
18300 6
18400 6
18500 6
18600 6
18700 6
18800 6
18900 6
19000 6
19100 6
19200 6
19300 6
19400 6
19500 6
19600 6
19700 6
19800 6
19900 6
20000 6
20100 6
20200 6
20300 6
20400 6
20500 7
20600 6
20700 7
20800 7
20900 7
21000 7
21100 8
21200 7
21300 8
21400 8
21500 8
21600 8
21700 8
21800 8
21900 8
22000 8
22100 8
22200 8
22300 8
22400 8
22500 8
22600 8
22700 9
22800 8
22900 9
23000 8
23100 8
23200 8
23300 9
23400 8
23500 9
23600 8
23700 9
23800 9
23900 9
24000 8
24100 9
24200 9
24300 9
24400 9
24500 9
24600 9
24700 9
24800 9
24900 9
25000 9
25100 10
25200 10
25300 10
25400 16
25500 17
25600 14
25700 12
25800 11
25900 12
26000 9
26100 10
26200 12
26300 10
26400 10
26500 10
26600 10
26700 10
26800 10
26900 11
27000 11
27100 10
27200 10
27300 11
27400 11
27500 10
27600 10
27700 11
27800 11
27900 10
28000 11
28100 11
28200 11
28300 10
28400 10
28500 11
28600 11
28700 11
28800 11
28900 11
29000 11
29100 11
29200 11
29300 11
29400 11
29500 11
29600 11
29700 11
29800 11
29900 11
30000 11
30100 11
30200 11
30300 11
30400 12
30500 11
30600 11
30700 12
30800 11
30900 12
31000 12
31100 11
31200 11
31300 12
31400 11
31500 11
31600 11
31700 12
31800 12
31900 11
32000 11
32100 12
32200 12
32300 12
32400 12
32500 12
32600 12
32700 12
32800 12
32900 12
33000 12
33100 12
33200 12
33300 12
33400 12
33500 12
33600 12
33700 15
33800 11
33900 11
34000 12
34100 12
34200 12
34300 12
34400 12
34500 13
34600 13
34700 13
34800 13
34900 13
35000 13
35100 13
35200 13
35300 17
35400 13
35500 13
35600 13
35700 13
35800 13
35900 13
36000 13
36100 14
36200 13
36300 14
36400 14
36500 14
36600 13
36700 13
36800 13
36900 16
37000 13
37100 13
37200 12
37300 12
37400 13
37500 13
37600 13
37700 13
37800 13
37900 13
38000 13
38100 13
38200 13
38300 13
38400 17
38500 13
38600 13
38700 13
38800 13
38900 13
39000 13
39100 13
39200 13
39300 13
39400 14
39500 13
39600 13
39700 13
39800 17
39900 14
40000 15
40100 27
40200 25
40300 23
40400 18
40500 15
40600 17
40700 15
40800 15
40900 15
41000 16
41100 16
41200 22
41300 17
41400 17
41500 16
41600 16
41700 16
41800 17
41900 16
42000 16
42100 16
42200 16
42300 17
42400 18
42500 24
42600 20
42700 21
42800 27
42900 22
43000 19
43100 19
43200 18
43300 18
43400 19
43500 20
43600 19
43700 24
43800 20
43900 20
44000 20
44100 20
44200 20
44300 21
44400 21
44500 20
44600 20
44700 21
44800 24
44900 20
45000 20
45100 20
45200 19
45300 20
45400 19
45500 19
45600 19
45700 19
45800 20
45900 20
46000 23
46100 20
46200 20
46300 19
46400 19
46500 19
46600 19
46700 19
46800 19
46900 19
47000 19
47100 22
47200 20
47300 20
47400 19
47500 21
47600 21
47700 21
47800 20
47900 20
48000 20
48100 20
48200 19
48300 20
48400 20
48500 20
48600 20
48700 19
48800 19
48900 19
49000 19
49100 19
49200 25
49300 19
49400 20
49500 20
49600 19
49700 19
49800 20
49900 20
50000 20
50100 20
50200 20
50300 20
50400 21
50500 21
50600 22
50700 22
50800 21
50900 22
51000 21
51100 23
51200 21
51300 24
51400 21
51500 21
51600 21
51700 21
51800 21
51900 21
52000 21
52100 21
52200 21
52300 25
52400 21
52500 21
52600 21
52700 21
52800 22
52900 21
53000 21
53100 21
53200 22
53300 26
53400 22
53500 22
53600 22
53700 22
53800 20
53900 20
54000 20
54100 20
54200 24
54300 21
54400 21
54500 21
54600 21
54700 22
54800 21
54900 20
55000 21
55100 21
55200 24
55300 21
55400 20
55500 21
55600 21
55700 21
55800 21
55900 22
56000 22
56100 25
56200 22
56300 22
56400 21
56500 22
56600 21
56700 21
56800 21
56900 21
57000 24
57100 21
57200 21
57300 22
57400 21
57500 21
57600 21
57700 21
57800 21
57900 24
58000 21
58100 21
58200 21
58300 21
58400 21
58500 22
58600 22
58700 22
58800 25
58900 21
59000 21
59100 22
59200 22
59300 28
59400 27
59500 22
59600 22
59700 26
59800 22
59900 22
60000 22
60100 22
60200 22
60300 23
60400 23
60500 26
60600 22
60700 22
60800 22
60900 23
61000 23
61100 23
61200 23
61300 23
61400 26
61500 22
61600 22
61700 23
61800 23
61900 23
62000 23
62100 23
62200 26
62300 23
62400 23
62500 23
62600 23
62700 23
62800 23
62900 23
63000 23
63100 23
63200 23
63300 23
63400 24
63500 23
63600 23
63700 23
63800 23
63900 23
64000 23
64100 23
64200 23
64300 23
64400 23
64500 23
64600 23
64700 27
64800 23
64900 23
65000 23
65100 24
65200 24
65300 24
65400 24
65500 27
65600 23
65700 23
65800 23
65900 24
66000 23
66100 24
66200 24
66300 27
66400 24
66500 24
66600 24
66700 24
66800 24
66900 24
67000 27
67100 25
67200 24
67300 24
67400 24
67500 24
67600 24
67700 25
67800 28
67900 25
68000 25
68100 25
68200 25
68300 25
68400 25
68500 25
68600 28
68700 25
68800 25
68900 25
69000 25
69100 25
69200 25
69300 28
69400 25
69500 25
69600 25
69700 25
69800 25
69900 25
70000 25
70100 28
70200 25
70300 25
70400 25
70500 25
70600 26
70700 26
70800 29
70900 25
71000 25
71100 25
71200 25
71300 25
71400 25
71500 25
71600 30
71700 25
71800 25
71900 25
72000 26
72100 25
72200 26
72300 28
72400 25
72500 25
72600 25
72700 25
72800 25
72900 25
73000 29
73100 25
73200 25
73300 25
73400 25
73500 25
73600 25
73700 29
73800 25
73900 25
74000 25
74100 25
74200 25
74300 25
74400 29
74500 25
74600 25
74700 26
74800 25
74900 25
75000 25
75100 29
75200 25
75300 25
75400 25
75500 26
75600 26
75700 26
75800 29
75900 26
76000 26
76100 26
76200 26
76300 26
76400 26
76500 30
76600 26
76700 26
76800 26
76900 26
77000 26
77100 26
77200 26
77300 26
77400 27
77500 26
77600 26
77700 27
77800 30
77900 27
78000 27
78100 27
78200 27
78300 27
78400 27
78500 31
78600 27
78700 30
78800 31
78900 28
79000 28
79100 28
79200 33
79300 38
79400 42
79500 35
79600 31
79700 30
79800 31
79900 40
80000 37
80100 31
80200 28
80300 28
80400 29
80500 28
80600 30
80700 29
80800 28
80900 29
81000 32
81100 32
81200 28
81300 28
81400 29
81500 29
81600 42
81700 47
81800 43
81900 30
82000 31
82100 36
82200 30
82300 29
82400 29
82500 30
82600 37
82700 47
82800 45
82900 46
83000 52
83100 47
83200 49
83300 32
83400 33
83500 33
83600 38
83700 34
83800 36
83900 34
84000 34
84100 34
84200 36
84300 34
84400 33
84500 34
84600 34
84700 34
84800 34
84900 35
85000 34
85100 34
85200 35
85300 38
85400 35
85500 35
85600 35
85700 35
85800 36
85900 39
86000 35
86100 35
86200 36
86300 37
86400 36
86500 40
86600 45
86700 41
86800 41
86900 42
87000 45
87100 42
87200 43
87300 41
87400 42
87500 42
87600 39
87700 40
87800 39
87900 39
88000 39
88100 43
88200 38
88300 38
88400 39
88500 40
88600 46
88700 38
88800 38
88900 39
89000 39
89100 39
89200 43
89300 39
89400 38
89500 39
89600 39
89700 43
89800 39
89900 40
90000 39
90100 39
90200 44
90300 39
90400 39
90500 39
90600 39
90700 39
90800 43
90900 39
91000 39
91100 37
91200 40
91300 41
91400 37
91500 37
91600 38
91700 38
91800 41
91900 38
92000 38
92100 38
92200 38
92300 42
92400 38
92500 38
92600 38
92700 38
92800 39
92900 42
93000 38
93100 38
93200 38
93300 39
93400 44
93500 39
93600 39
93700 39
93800 39
93900 44
94000 39
94100 39
94200 39
94300 39
94400 43
94500 39
94600 40
94700 40
94800 40
94900 44
95000 39
95100 39
95200 40
95300 40
95400 43
95500 54
95600 45
95700 42
95800 41
95900 45
96000 40
96100 41
96200 41
96300 41
96400 46
96500 40
96600 42
96700 41
96800 41
96900 45
97000 41
97100 41
97200 41
97300 40
97400 44
97500 41
97600 41
97700 42
97800 42
97900 48
98000 42
98100 42
98200 42
98300 42
98400 43
98500 43
98600 46
98700 46
98800 50
98900 43
99000 44
99100 44
99200 45
99300 51
99400 46
99500 46
99600 45
99700 46
99800 51
99900 44
100000 45
