500 0
600 0
700 0
800 0
900 0
1000 0
1100 0
1200 0
1300 0
1400 0
1500 0
1600 0
1700 0
1800 0
1900 0
2000 0
2100 0
2200 0
2300 0
2400 0
2500 0
2600 0
2700 0
2800 0
2900 0
3000 0
3100 0
3200 0
3300 1
3400 1
3500 1
3600 1
3700 1
3800 1
3900 1
4000 1
4100 1
4200 1
4300 1
4400 1
4500 1
4600 1
4700 1
4800 1
4900 1
5000 1
5100 1
5200 1
5300 1
5400 1
5500 1
5600 1
5700 1
5800 1
5900 1
6000 1
6100 1
6200 2
6300 2
6400 2
6500 2
6600 2
6700 2
6800 2
6900 2
7000 2
7100 2
7200 2
7300 2
7400 2
7500 2
7600 2
7700 2
7800 3
7900 3
8000 3
8100 3
8200 3
8300 3
8400 3
8500 3
8600 3
8700 3
8800 3
8900 3
9000 3
9100 3
9200 3
9300 3
9400 3
9500 3
9600 3
9700 3
9800 3
9900 3
10000 3
10100 3
10200 3
10300 3
10400 3
10500 3
10600 4
10700 4
10800 4
10900 4
11000 4
11100 4
11200 4
11300 4
11400 4
11500 4
11600 4
11700 4
11800 4
11900 4
12000 4
12100 4
12200 4
12300 4
12400 4
12500 4
12600 4
12700 4
12800 4
12900 4
13000 4
13100 4
13200 4
13300 4
13400 4
13500 4
13600 5
13700 5
13800 5
13900 5
14000 5
14100 5
14200 5
14300 5
14400 5
14500 5
14600 5
14700 5
14800 5
14900 5
15000 5
15100 5
15200 5
15300 5
15400 5
15500 6
15600 6
15700 6
15800 6
15900 6
16000 6
16100 6
16200 6
16300 6
16400 6
16500 7
16600 6
16700 6
16800 6
16900 6
17000 6
17100 6
17200 7
17300 6
17400 7
17500 7
17600 7
17700 7
17800 7
17900 7
18000 7
18100 7
18200 7
18300 7
18400 7
18500 7
18600 7
18700 7
18800 7
18900 7
19000 7
19100 7
19200 7
19300 7
19400 7
19500 8
19600 7
19700 7
19800 7
19900 8
20000 8
20100 8
20200 8
20300 8
20400 8
20500 8
20600 8
20700 8
20800 8
20900 8
21000 8
21100 8
21200 8
21300 8
21400 8
21500 8
21600 8
21700 8
21800 8
21900 8
22000 8
22100 8
22200 8
22300 8
22400 8
22500 8
22600 8
22700 9
22800 8
22900 9
23000 9
23100 9
23200 9
23300 9
23400 9
23500 9
23600 9
23700 9
23800 9
23900 9
24000 9
24100 9
24200 9
24300 9
24400 9
24500 9
24600 9
24700 9
24800 9
24900 10
25000 9
25100 9
25200 9
25300 10
25400 10
25500 10
25600 10
25700 10
25800 11
25900 13
26000 11
26100 11
26200 11
26300 11
26400 11
26500 11
26600 11
26700 11
26800 11
26900 11
27000 11
27100 12
27200 11
27300 12
27400 11
27500 11
27600 12
27700 12
27800 12
27900 12
28000 11
28100 12
28200 12
28300 12
28400 12
28500 12
28600 12
28700 11
28800 12
28900 14
29000 15
29100 15
29200 20
29300 13
29400 18
29500 13
29600 12
29700 12
29800 13
29900 13
30000 13
30100 12
30200 11
30300 11
30400 10
30500 10
30600 10
30700 11
30800 10
30900 11
31000 11
31100 12
31200 11
31300 12
31400 12
31500 12
31600 13
31700 13
31800 13
31900 14
32000 13
32100 13
32200 12
32300 13
32400 13
32500 13
32600 13
32700 13
32800 13
32900 13
33000 13
33100 15
33200 14
33300 13
33400 13
33500 13
33600 13
33700 13
33800 13
33900 12
34000 13
34100 12
34200 12
34300 13
34400 12
34500 12
34600 13
34700 16
34800 12
34900 12
35000 12
35100 12
35200 12
35300 12
35400 12
35500 12
35600 13
35700 13
35800 13
35900 13
36000 13
36100 13
36200 13
36300 15
36400 13
36500 13
36600 13
36700 13
36800 13
36900 13
37000 13
37100 13
37200 13
37300 13
37400 14
37500 14
37600 14
37700 15
37800 17
37900 14
38000 14
38100 14
38200 13
38300 14
38400 14
38500 15
38600 14
38700 15
38800 15
38900 14
39000 14
39100 14
39200 18
39300 14
39400 14
39500 14
39600 15
39700 14
39800 15
39900 15
40000 15
40100 14
40200 15
40300 14
40400 15
40500 15
40600 15
40700 15
40800 15
40900 15
41000 15
41100 16
41200 15
41300 16
41400 16
41500 16
41600 15
41700 16
41800 15
41900 16
42000 20
42100 15
42200 16
42300 17
42400 16
42500 16
42600 15
42700 16
42800 16
42900 16
43000 16
43100 16
43200 16
43300 16
43400 19
43500 16
43600 17
43700 16
43800 16
43900 17
44000 17
44100 17
44200 17
44300 16
44400 17
44500 17
44600 17
44700 16
44800 17
44900 17
45000 17
45100 17
45200 17
45300 17
45400 17
45500 17
45600 17
45700 17
45800 17
45900 20
46000 17
46100 17
46200 17
46300 17
46400 17
46500 17
46600 18
46700 17
46800 17
46900 17
47000 17
47100 21
47200 17
47300 17
47400 17
47500 18
47600 18
47700 18
47800 17
47900 18
48000 18
48100 18
48200 17
48300 21
48400 17
48500 18
48600 18
48700 18
48800 17
48900 17
49000 18
49100 18
49200 18
49300 17
49400 18
49500 23
49600 18
49700 18
49800 17
49900 18
50000 18
50100 18
50200 17
50300 17
50400 18
50500 18
50600 27
50700 18
50800 18
50900 18
51000 18
51100 19
51200 18
51300 18
51400 18
51500 19
51600 19
51700 22
51800 19
51900 19
52000 19
52100 19
52200 19
52300 19
52400 19
52500 19
52600 19
52700 19
52800 23
52900 20
53000 20
53100 20
53200 20
53300 20
53400 20
53500 19
53600 19
53700 19
53800 19
53900 22
54000 19
54100 19
54200 19
54300 19
54400 19
54500 19
54600 19
54700 19
54800 19
54900 22
55000 19
55100 19
55200 20
55300 18
55400 18
55500 18
55600 18
55700 18
55800 18
55900 21
56000 18
56100 18
56200 19
56300 19
56400 18
56500 19
56600 19
56700 18
56800 18
56900 22
57000 19
57100 18
57200 18
57300 19
57400 19
57500 19
57600 18
57700 19
57800 19
57900 21
58000 19
58100 19
58200 19
58300 19
58400 19
58500 19
58600 19
58700 19
58800 20
58900 19
59000 19
59100 19
59200 19
59300 20
59400 20
59500 19
59600 19
59700 19
59800 22
59900 19
60000 19
60100 19
60200 20
60300 20
60400 20
60500 20
60600 20
60700 20
60800 22
60900 20
61000 20
61100 20
61200 20
61300 20
61400 20
61500 20
61600 20
61700 24
61800 21
61900 21
62000 21
62100 21
62200 21
62300 21
62400 22
62500 22
62600 25
62700 22
62800 22
62900 22
63000 22
63100 22
63200 23
63300 23
63400 27
63500 24
63600 23
63700 23
63800 23
63900 23
64000 23
64100 23
64200 27
64300 23
64400 23
64500 23
64600 23
64700 23
64800 23
64900 23
65000 26
65100 23
65200 23
65300 23
65400 23
65500 23
65600 23
65700 24
65800 26
65900 23
66000 23
66100 23
66200 23
66300 23
66400 23
66500 24
66600 27
66700 24
66800 24
66900 23
67000 23
67100 24
67200 24
67300 24
67400 26
67500 24
67600 24
67700 24
67800 24
67900 24
68000 24
68100 27
68200 24
68300 24
68400 25
68500 25
68600 25
68700 24
68800 25
68900 27
69000 25
69100 25
69200 25
69300 25
69400 25
69500 25
69600 25
69700 28
69800 25
69900 25
70000 25
70100 25
70200 25
70300 25
70400 28
70500 25
70600 25
70700 25
70800 25
70900 25
71000 25
71100 28
71200 25
71300 25
71400 25
71500 25
71600 25
71700 25
71800 25
71900 25
72000 25
72100 25
72200 25
72300 25
72400 25
72500 26
72600 28
72700 25
72800 25
72900 25
73000 25
73100 25
73200 25
73300 31
73400 25
73500 25
73600 25
73700 26
73800 26
73900 25
74000 29
74100 25
74200 25
74300 25
74400 25
74500 26
74600 26
74700 29
74800 25
74900 25
75000 25
75100 26
75200 26
75300 26
75400 29
75500 25
75600 26
75700 25
75800 26
75900 26
76000 26
76100 26
76200 26
76300 26
76400 26
76500 26
76600 26
76700 29
76800 26
76900 26
77000 26
77100 26
77200 26
77300 26
77400 30
77500 27
77600 27
77700 27
77800 27
77900 27
78000 26
78100 30
78200 27
78300 27
78400 27
78500 27
78600 27
78700 27
78800 30
78900 27
79000 27
79100 27
79200 28
79300 28
79400 31
79500 27
79600 27
79700 27
79800 27
79900 28
80000 28
80100 31
80200 27
80300 27
80400 27
80500 27
80600 27
80700 32
80800 27
80900 27
81000 27
81100 27
81200 27
81300 27
81400 31
81500 27
81600 27
81700 27
81800 27
81900 28
82000 31
82100 28
82200 28
82300 29
82400 28
82500 28
82600 28
82700 29
82800 28
82900 29
83000 28
83100 28
83200 29
83300 32
83400 29
83500 29
83600 29
83700 29
83800 29
83900 32
84000 29
84100 29
84200 29
84300 29
84400 29
84500 29
84600 29
84700 29
84800 29
84900 29
85000 29
85100 29
85200 29
85300 30
85400 30
85500 30
85600 30
85700 30
85800 29
85900 30
86000 30
86100 30
86200 30
86300 30
86400 30
86500 30
86600 30
86700 30
86800 30
86900 30
87000 30
87100 30
87200 30
87300 30
87400 30
87500 30
87600 30
87700 30
87800 30
87900 30
88000 30
88100 30
88200 29
88300 30
88400 30
88500 30
88600 30
88700 33
88800 30
88900 30
89000 30
89100 30
89200 30
89300 33
89400 30
89500 30
89600 30
89700 30
89800 30
89900 37
90000 30
90100 30
90200 30
90300 30
90400 31
90500 35
90600 31
90700 31
90800 31
90900 31
91000 33
91100 36
91200 32
91300 32
91400 32
91500 31
91600 35
91700 32
91800 32
91900 32
92000 32
92100 32
92200 35
92300 34
92400 32
92500 32
92600 33
92700 31
92800 35
92900 32
93000 32
93100 35
93200 33
93300 37
93400 34
93500 34
93600 37
93700 34
93800 34
93900 37
94000 34
94100 38
94200 34
94300 34
94400 34
94500 34
94600 34
94700 37
94800 34
94900 35
95000 38
95100 34
95200 35
95300 33
95400 33
95500 36
95600 33
95700 38
95800 36
95900 33
96000 33
96100 36
96200 32
96300 32
96400 33
96500 33
96600 35
96700 32
96800 32
96900 32
97000 33
97100 34
97200 36
97300 33
97400 33
97500 33
97600 33
97700 37
97800 35
97900 34
98000 35
98100 39
98200 36
98300 33
98400 34
98500 35
98600 35
98700 34
98800 38
98900 35
99000 39
99100 37
99200 35
99300 40
99400 34
99500 34
99600 34
99700 34
99800 36
99900 34
100000 34
