500 0
600 1
700 1
800 1
900 2
1000 2
1100 3
1200 4
1300 4
1400 5
1500 6
1600 7
1700 6
1800 5
1900 6
2000 6
2100 7
2200 8
2300 9
2400 10
2500 11
2600 12
2700 13
2800 14
2900 15
3000 16
3100 9
3200 9
3300 10
3400 10
3500 11
3600 12
3700 12
3800 13
3900 14
4000 14
4100 15
4200 16
4300 17
4400 18
4500 17
4600 19
4700 20
4800 21
4900 22
5000 22
5100 23
5200 24
5300 25
5400 27
5500 27
5600 29
5700 30
5800 30
5900 32
6000 33
6100 17
6200 18
6300 18
6400 19
6500 20
6600 20
6700 20
6800 21
6900 22
7000 22
7100 23
7200 24
7300 25
7400 26
7500 26
7600 26
7700 27
7800 28
7900 28
8000 30
8100 30
8200 31
8300 31
8400 33
8500 34
8600 34
8700 35
8800 36
8900 37
9000 37
9100 37
9200 38
9300 39
9400 39
9500 40
9600 41
9700 42
9800 43
9900 44
10000 45
10100 46
10200 47
10300 48
10400 49
10500 49
10600 52
10700 54
10800 55
10900 56
11000 59
11100 61
11200 62
11300 62
11400 65
11500 67
11600 64
11700 65
11800 67
11900 69
12000 77
12100 59
12200 60
12300 60
12400 35
12500 36
12600 36
12700 37
12800 37
12900 37
13000 39
13100 40
13200 43
13300 42
13400 42
13500 42
13600 45
13700 46
13800 48
13900 48
14000 45
14100 46
14200 45
14300 46
14400 47
14500 47
14600 49
14700 49
14800 49
14900 50
15000 54
15100 52
15200 52
15300 53
15400 53
15500 54
15600 55
15700 60
15800 58
15900 61
16000 62
16100 67
16200 64
16300 62
16400 63
16500 63
16600 64
16700 65
16800 66
16900 67
17000 67
17100 68
17200 69
17300 69
17400 71
17500 69
17600 69
17700 70
17800 71
17900 72
18000 73
18100 74
18200 76
18300 76
18400 78
18500 80
18600 79
18700 82
18800 93
18900 96
19000 96
19100 97
19200 97
19300 100
19400 102
19500 97
19600 99
19700 103
19800 102
19900 101
20000 102
20100 103
20200 102
20300 102
20400 102
20500 103
20600 107
20700 108
20800 109
20900 112
21000 117
21100 112
21200 111
21300 105
21400 100
21500 102
21600 103
21700 104
21800 105
21900 106
22000 106
22100 108
22200 109
22300 110
22400 110
22500 111
22600 112
22700 114
22800 115
22900 116
23000 116
23100 118
23200 118
23300 119
23400 120
23500 121
23600 122
23700 123
23800 124
23900 124
24000 125
24100 64
24200 65
24300 66
24400 66
24500 67
24600 68
24700 68
24800 69
24900 69
25000 72
25100 74
25200 73
25300 73
25400 77
25500 79
25600 75
25700 75
25800 76
25900 76
26000 80
26100 92
26200 79
26300 78
26400 82
26500 88
26600 89
26700 89
26800 89
26900 93
27000 98
27100 93
27200 86
27300 86
27400 87
27500 88
27600 92
27700 91
27800 89
27900 91
28000 88
28100 90
28200 95
28300 99
28400 103
28500 103
28600 104
28700 97
28800 95
28900 95
29000 96
29100 101
29200 108
29300 104
29400 106
29500 102
29600 104
29700 110
29800 111
29900 111
30000 111
30100 113
30200 113
30300 113
30400 106
30500 108
30600 118
30700 112
30800 110
30900 110
31000 109
31100 111
31200 112
31300 111
31400 113
31500 122
31600 124
31700 124
31800 124
31900 115
32000 117
32100 121
32200 119
32300 119
32400 120
32500 141
32600 158
32700 134
32800 137
32900 142
33000 144
33100 141
33200 140
33300 138
33400 139
33500 139
33600 144
33700 141
33800 142
33900 143
34000 143
34100 144
34200 145
34300 144
34400 149
34500 148
34600 149
34700 149
34800 151
34900 152
35000 152
35100 153
35200 154
35300 154
35400 156
35500 156
35600 156
35700 158
35800 158
35900 160
36000 161
36100 161
36200 161
36300 162
36400 164
36500 165
36600 166
36700 166
36800 162
36900 160
37000 161
37100 160
37200 161
37300 162
37400 164
37500 163
37600 164
37700 164
37800 163
37900 160
38000 162
38100 161
38200 165
38300 165
38400 164
38500 164
38600 165
38700 167
38800 167
38900 168
39000 169
39100 169
39200 170
39300 172
39400 179
39500 198
39600 192
39700 191
39800 189
39900 193
40000 192
40100 187
40200 179
40300 181
40400 185
40500 187
40600 185
40700 189
40800 196
40900 184
41000 184
41100 186
41200 192
41300 193
41400 195
41500 194
41600 195
41700 204
41800 201
41900 197
42000 200
42100 197
42200 204
42300 207
42400 209
42500 212
42600 206
42700 207
42800 205
42900 206
43000 207
43100 212
43200 211
43300 213
43400 214
43500 216
43600 217
43700 215
43800 216
43900 216
44000 218
44100 219
44200 235
44300 227
44400 229
44500 231
44600 231
44700 231
44800 232
44900 233
45000 234
45100 242
45200 253
45300 255
45400 254
45500 254
45600 257
45700 238
45800 233
45900 250
46000 262
46100 262
46200 263
46300 261
46400 263
46500 263
46600 263
46700 267
46800 266
46900 247
47000 247
47100 246
47200 250
47300 251
47400 255
47500 253
47600 255
47700 255
47800 257
47900 264
48000 269
48100 132
48200 134
48300 133
48400 135
48500 136
48600 148
48700 144
48800 136
48900 140
49000 139
49100 144
49200 148
49300 149
49400 150
49500 153
49600 154
49700 154
49800 155
49900 155
50000 157
50100 157
50200 158
50300 159
50400 159
50500 159
50600 160
50700 160
50800 160
50900 161
51000 155
51100 159
51200 162
51300 161
51400 164
51500 166
51600 169
51700 168
51800 170
51900 161
52000 156
52100 159
52200 158
52300 159
52400 159
52500 166
52600 171
52700 168
52800 174
52900 175
53000 177
53100 176
53200 177
53300 182
53400 179
53500 171
53600 167
53700 168
53800 168
53900 185
54000 171
54100 171
54200 170
54300 170
54400 167
54500 168
54600 167
54700 168
54800 170
54900 169
55000 171
55100 175
55200 175
55300 175
55400 182
55500 186
55600 186
55700 186
55800 187
55900 187
56000 189
56100 189
56200 189
56300 188
56400 190
56500 190
56600 190
56700 193
56800 184
56900 185
57000 185
57100 184
57200 183
57300 184
57400 187
57500 185
57600 186
57700 188
57800 186
57900 188
58000 189
58100 188
58200 190
58300 189
58400 190
58500 191
58600 193
58700 194
58800 195
58900 209
59000 198
59100 201
59200 202
59300 203
59400 205
59500 206
59600 206
59700 206
59800 208
59900 208
60000 209
60100 209
60200 212
60300 222
60400 223
60500 226
60600 225
60700 213
60800 212
60900 213
61000 213
61100 213
61200 225
61300 245
61400 233
61500 217
61600 215
61700 254
61800 296
61900 227
62000 260
62100 235
62200 235
62300 225
62400 228
62500 223
62600 220
62700 227
62800 228
62900 229
63000 227
63100 240
63200 240
63300 233
63400 240
63500 241
63600 228
63700 229
63800 247
63900 247
64000 235
64100 237
64200 237
64300 242
64400 252
64500 236
64600 237
64700 238
64800 242
64900 245
65000 243
65100 245
65200 247
65300 245
65400 247
65500 249
65600 248
65700 265
65800 270
65900 249
66000 256
66100 254
66200 257
66300 257
66400 261
66500 277
66600 275
66700 268
66800 264
66900 267
67000 275
67100 262
67200 265
67300 266
67400 269
67500 268
67600 268
67700 271
67800 270
67900 273
68000 274
68100 279
68200 280
68300 276
68400 277
68500 268
68600 272
68700 270
68800 273
68900 269
69000 268
69100 267
69200 269
69300 270
69400 289
69500 274
69600 275
69700 277
69800 278
69900 278
70000 279
70100 280
70200 282
70300 281
70400 299
70500 282
70600 284
70700 285
70800 286
70900 287
71000 288
71100 289
71200 291
71300 288
71400 289
71500 291
71600 296
71700 297
71800 297
71900 298
72000 300
72100 300
72200 300
72300 302
72400 302
72500 303
72600 306
72700 312
72800 305
72900 303
73000 303
73100 307
73200 309
73300 312
73400 312
73500 325
73600 320
73700 310
73800 319
73900 318
74000 317
74100 312
74200 317
74300 333
74400 345
74500 343
74600 343
74700 350
74800 339
74900 316
75000 315
75100 315
75200 321
75300 330
75400 328
75500 329
75600 330
75700 330
75800 333
75900 333
76000 333
76100 338
76200 358
76300 358
76400 357
76500 335
76600 354
76700 348
76800 344
76900 347
77000 376
77100 350
77200 351
77300 356
77400 352
77500 353
77600 355
77700 362
77800 356
77900 358
78000 365
78100 379
78200 358
78300 357
78400 360
78500 361
78600 358
78700 363
78800 367
78900 369
79000 373
79100 345
79200 363
79300 371
79400 374
79500 376
79600 370
79700 354
79800 357
79900 358
80000 354
80100 359
80200 361
80300 358
80400 360
80500 360
80600 362
80700 364
80800 363
80900 370
81000 378
81100 395
81200 385
81300 381
81400 381
81500 392
81600 392
81700 402
81800 390
81900 393
82000 389
82100 391
82200 390
82300 393
82400 393
82500 396
82600 395
82700 397
82800 398
82900 399
83000 402
83100 399
83200 402
83300 401
83400 403
83500 403
83600 404
83700 424
83800 408
83900 415
84000 400
84100 401
84200 407
84300 409
84400 412
84500 409
84600 413
84700 412
84800 419
84900 418
85000 423
85100 424
85200 424
85300 449
85400 452
85500 455
85600 453
85700 464
85800 439
85900 449
86000 432
86100 436
86200 434
86300 433
86400 434
86500 431
86600 433
86700 435
86800 425
86900 422
87000 429
87100 435
87200 431
87300 432
87400 430
87500 430
87600 432
87700 434
87800 428
87900 423
88000 427
88100 430
88200 432
88300 480
88400 489
88500 449
88600 449
88700 454
88800 466
88900 488
89000 487
89100 484
89200 485
89300 485
89400 487
89500 485
89600 486
89700 479
89800 463
89900 465
90000 464
90100 466
90200 466
90300 466
90400 495
90500 496
90600 466
90700 493
90800 501
90900 499
91000 508
91100 510
91200 514
91300 511
91400 511
91500 511
91600 512
91700 517
91800 509
91900 513
92000 513
92100 527
92200 520
92300 523
92400 524
92500 536
92600 527
92700 513
92800 487
92900 490
93000 493
93100 496
93200 494
93300 498
93400 507
93500 487
93600 486
93700 496
93800 498
93900 496
94000 512
94100 512
94200 504
94300 508
94400 503
94500 503
94600 504
94700 507
94800 506
94900 506
95000 509
95100 517
95200 515
95300 517
95400 520
95500 524
95600 529
95700 525
95800 535
95900 532
96000 532
96100 270
96200 270
96300 273
96400 276
96500 276
96600 274
96700 273
96800 276
96900 277
97000 279
97100 279
97200 281
97300 279
97400 278
97500 280
97600 281
97700 280
97800 282
97900 283
98000 288
98100 285
98200 285
98300 285
98400 285
98500 286
98600 287
98700 289
98800 289
98900 287
99000 306
99100 287
99200 292
99300 292
99400 295
99500 294
99600 293
99700 292
99800 297
99900 299
100000 303
