500 0
600 0
700 0
800 0
900 0
1000 0
1100 0
1200 0
1300 0
1400 0
1500 0
1600 0
1700 0
1800 0
1900 0
2000 0
2100 1
2200 1
2300 1
2400 1
2500 1
2600 1
2700 1
2800 1
2900 1
3000 1
3100 1
3200 2
3300 1
3400 1
3500 1
3600 1
3700 1
3800 1
3900 2
4000 2
4100 2
4200 2
4300 2
4400 1
4500 2
4600 2
4700 2
4800 2
4900 2
5000 2
5100 2
5200 2
5300 2
5400 2
5500 2
5600 3
5700 3
5800 3
5900 3
6000 3
6100 4
6200 4
6300 4
6400 4
6500 4
6600 4
6700 4
6800 4
6900 4
7000 4
7100 4
7200 5
7300 4
7400 4
7500 5
7600 4
7700 4
7800 5
7900 4
8000 4
8100 4
8200 4
8300 5
8400 5
8500 4
8600 4
8700 5
8800 4
8900 4
9000 5
9100 4
9200 4
9300 5
9400 4
9500 4
9600 5
9700 4
9800 4
9900 5
10000 4
10100 5
10200 5
10300 5
10400 5
10500 5
10600 5
10700 6
10800 6
10900 6
11000 6
11100 6
11200 7
11300 6
11400 7
11500 7
11600 8
11700 7
11800 8
11900 8
12000 8
12100 8
12200 8
12300 8
12400 8
12500 8
12600 8
12700 9
12800 9
12900 8
13000 9
13100 8
13200 8
13300 9
13400 8
13500 8
13600 8
13700 8
13800 8
13900 8
14000 9
14100 8
14200 9
14300 9
14400 9
14500 9
14600 8
14700 9
14800 9
14900 9
15000 9
15100 9
15200 9
15300 9
15400 9
15500 9
15600 9
15700 9
15800 9
15900 9
16000 9
16100 9
16200 9
16300 9
16400 9
16500 9
16600 9
16700 9
16800 9
16900 10
17000 9
17100 9
17200 9
17300 9
17400 10
17500 10
17600 10
17700 9
17800 10
17900 10
18000 10
18100 10
18200 10
18300 10
18400 10
18500 10
18600 10
18700 10
18800 10
18900 10
19000 10
19100 10
19200 10
19300 10
19400 10
19500 10
19600 10
19700 10
19800 10
19900 10
20000 10
20100 10
20200 10
20300 10
20400 10
20500 10
20600 11
20700 11
20800 11
20900 11
21000 11
21100 12
21200 12
21300 12
21400 12
21500 12
21600 12
21700 13
21800 13
21900 13
22000 13
22100 14
22200 14
22300 14
22400 14
22500 14
22600 14
22700 14
22800 14
22900 15
23000 15
23100 15
23200 15
23300 15
23400 16
23500 17
23600 17
23700 17
23800 18
23900 18
24000 17
24100 17
24200 19
24300 19
24400 19
24500 19
24600 20
24700 19
24800 19
24900 19
25000 18
25100 18
25200 19
25300 19
25400 19
25500 19
25600 19
25700 19
25800 19
25900 19
26000 19
26100 18
26200 19
26300 19
26400 20
26500 20
26600 20
26700 19
26800 20
26900 19
27000 20
27100 20
27200 20
27300 19
27400 19
27500 19
27600 19
27700 19
27800 19
27900 20
28000 21
28100 21
28200 20
28300 20
28400 20
28500 21
28600 21
28700 20
28800 20
28900 21
29000 21
29100 21
29200 20
29300 21
29400 21
29500 21
29600 21
29700 21
29800 21
29900 22
30000 22
30100 21
30200 21
30300 20
30400 22
30500 30
30600 19
30700 19
30800 19
30900 20
31000 21
31100 20
31200 20
31300 21
31400 20
31500 21
31600 21
31700 21
31800 21
31900 21
32000 21
32100 22
32200 20
32300 20
32400 21
32500 20
32600 21
32700 21
32800 22
32900 21
33000 21
33100 20
33200 20
33300 27
33400 20
33500 19
33600 20
33700 20
33800 20
33900 20
34000 21
34100 22
34200 23
34300 21
34400 23
34500 22
34600 22
34700 29
34800 20
34900 20
35000 20
35100 20
35200 20
35300 20
35400 20
35500 22
35600 21
35700 21
35800 20
35900 21
36000 27
36100 20
36200 21
36300 21
36400 21
36500 21
36600 21
36700 22
36800 21
36900 21
37000 21
37100 21
37200 27
37300 21
37400 21
37500 21
37600 22
37700 22
37800 21
37900 22
38000 22
38100 22
38200 22
38300 22
38400 28
38500 21
38600 21
38700 22
38800 22
38900 22
39000 22
39100 22
39200 22
39300 25
39400 22
39500 22
39600 33
39700 21
39800 22
39900 22
40000 22
40100 22
40200 22
40300 21
40400 22
40500 22
40600 22
40700 22
40800 29
40900 22
41000 22
41100 22
41200 23
41300 22
41400 22
41500 22
41600 22
41700 23
41800 23
41900 30
42000 23
42100 24
42200 24
42300 24
42400 24
42500 25
42600 24
42700 25
42800 25
42900 25
43000 31
43100 26
43200 26
43300 26
43400 26
43500 27
43600 27
43700 27
43800 28
43900 28
44000 34
44100 28
44200 28
44300 28
44400 29
44500 28
44600 29
44700 29
44800 30
44900 30
45000 35
45100 30
45200 29
45300 29
45400 30
45500 31
45600 30
45700 31
45800 35
45900 37
46000 34
46100 32
46200 31
46300 31
46400 31
46500 32
46600 32
46700 33
46800 32
46900 38
47000 33
47100 33
47200 33
47300 33
47400 33
47500 33
47600 35
47700 34
47800 40
47900 33
48000 35
48100 34
48200 34
48300 34
48400 35
48500 35
48600 35
48700 39
48800 35
48900 35
49000 35
49100 35
49200 35
49300 36
49400 36
49500 41
49600 35
49700 36
49800 35
49900 35
50000 36
50100 36
50200 36
50300 36
50400 35
50500 35
50600 36
50700 37
50800 37
50900 38
51000 37
51100 37
51200 42
51300 37
51400 37
51500 37
51600 36
51700 37
51800 37
51900 37
52000 43
52100 37
52200 37
52300 37
52400 37
52500 37
52600 38
52700 39
52800 47
52900 39
53000 39
53100 39
53200 38
53300 38
53400 39
53500 38
53600 44
53700 38
53800 38
53900 39
54000 38
54100 39
54200 38
54300 38
54400 45
54500 38
54600 38
54700 38
54800 38
54900 38
55000 39
55100 38
55200 47
55300 38
55400 38
55500 38
55600 39
55700 37
55800 38
55900 44
56000 37
56100 37
56200 37
56300 37
56400 38
56500 38
56600 37
56700 43
56800 37
56900 37
57000 37
57100 37
57200 37
57300 37
57400 43
57500 37
57600 37
57700 37
57800 37
57900 37
58000 37
58100 37
58200 44
58300 38
58400 38
58500 38
58600 37
58700 38
58800 38
58900 44
59000 37
59100 37
59200 38
59300 38
59400 38
59500 38
59600 45
59700 37
59800 38
59900 39
60000 40
60100 39
60200 38
60300 45
60400 38
60500 38
60600 38
60700 38
60800 39
60900 39
61000 46
61100 38
61200 39
61300 39
61400 39
61500 39
61600 39
61700 45
61800 39
61900 39
62000 39
62100 39
62200 39
62300 39
62400 46
62500 39
62600 39
62700 39
62800 39
62900 39
63000 39
63100 45
63200 39
63300 39
63400 40
63500 40
63600 40
63700 39
63800 45
63900 39
64000 39
64100 39
64200 39
64300 39
64400 45
64500 39
64600 39
64700 39
64800 39
64900 38
65000 39
65100 45
65200 38
65300 38
65400 38
65500 39
65600 39
65700 39
65800 39
65900 40
66000 39
66100 39
66200 39
66300 39
66400 45
66500 40
66600 40
66700 39
66800 39
66900 39
67000 40
67100 40
67200 40
67300 40
67400 40
67500 40
67600 40
67700 48
67800 40
67900 40
68000 40
68100 40
68200 41
68300 46
68400 42
68500 42
68600 41
68700 41
68800 41
68900 47
69000 41
69100 41
69200 41
69300 42
69400 42
69500 42
69600 41
69700 42
69800 42
69900 41
70000 42
70100 42
70200 47
70300 42
70400 42
70500 42
70600 42
70700 42
70800 48
70900 41
71000 41
71100 42
71200 42
71300 42
71400 48
71500 42
71600 42
71700 42
71800 42
71900 42
72000 48
72100 41
72200 42
72300 43
72400 43
72500 42
72600 48
72700 41
72800 42
72900 42
73000 42
73100 43
73200 49
73300 42
73400 42
73500 42
73600 42
73700 42
73800 48
73900 42
74000 42
74100 42
74200 42
74300 48
74400 42
74500 42
74600 42
74700 42
74800 42
74900 49
75000 43
75100 46
75200 46
75300 46
75400 49
75500 54
75600 47
75700 46
75800 45
75900 48
76000 47
76100 54
76200 46
76300 52
76400 43
76500 46
76600 69
76700 69
76800 67
76900 70
77000 56
77100 45
77200 60
77300 47
77400 47
77500 45
77600 55
77700 44
77800 50
77900 44
78000 51
78100 45
78200 55
78300 79
78400 49
78500 44
78600 44
78700 44
78800 44
78900 55
79000 44
79100 44
79200 44
79300 45
79400 51
79500 44
79600 44
79700 44
79800 44
79900 45
80000 50
80100 44
80200 45
80300 45
80400 52
80500 67
80600 47
80700 45
80800 44
80900 45
81000 45
81100 53
81200 46
81300 56
81400 46
81500 45
81600 52
81700 44
81800 44
81900 44
82000 48
82100 53
82200 45
82300 46
82400 46
82500 46
82600 46
82700 51
82800 46
82900 46
83000 47
83100 47
83200 52
83300 46
83400 47
83500 47
83600 47
83700 53
83800 47
83900 48
84000 49
84100 49
84200 54
84300 49
84400 49
84500 49
84600 49
84700 55
84800 49
84900 49
85000 49
85100 50
85200 55
85300 50
85400 51
85500 50
85600 52
85700 59
85800 52
85900 52
86000 52
86100 52
86200 59
86300 53
86400 53
86500 54
86600 55
86700 61
86800 54
86900 54
87000 55
87100 55
87200 59
87300 54
87400 55
87500 55
87600 55
87700 54
87800 54
87900 55
88000 55
88100 62
88200 55
88300 55
88400 55
88500 56
88600 62
88700 56
88800 56
88900 57
89000 57
89100 65
89200 57
89300 58
89400 58
89500 64
89600 57
89700 58
89800 58
89900 58
90000 64
90100 58
90200 58
90300 59
90400 60
90500 65
90600 59
90700 59
90800 59
90900 65
91000 59
91100 60
91200 60
91300 60
91400 66
91500 60
91600 61
91700 60
91800 68
91900 61
92000 61
92100 61
92200 62
92300 68
92400 61
92500 62
92600 64
92700 70
92800 62
92900 62
93000 63
93100 63
93200 63
93300 64
93400 64
93500 64
93600 72
93700 64
93800 64
93900 65
94000 72
94100 65
94200 64
94300 65
94400 66
94500 65
94600 72
94700 67
94800 66
94900 75
95000 66
95100 66
95200 67
95300 74
95400 68
95500 68
95600 70
95700 76
95800 69
95900 70
96000 69
96100 91
96200 71
96300 70
96400 69
96500 71
96600 69
96700 70
96800 70
96900 70
97000 77
97100 73
97200 71
97300 71
97400 78
97500 71
97600 71
97700 71
97800 78
97900 72
98000 72
98100 73
98200 78
98300 73
98400 74
98500 75
98600 79
98700 74
98800 74
98900 73
99000 79
99100 73
99200 73
99300 73
99400 80
99500 74
99600 72
99700 73
99800 80
99900 74
100000 73
