500 0
600 0
700 0
800 0
900 0
1000 0
1100 0
1200 0
1300 0
1400 0
1500 0
1600 0
1700 0
1800 0
1900 0
2000 0
2100 0
2200 0
2300 0
2400 0
2500 0
2600 0
2700 0
2800 0
2900 0
3000 0
3100 0
3200 0
3300 1
3400 0
3500 0
3600 0
3700 1
3800 0
3900 0
4000 1
4100 1
4200 1
4300 1
4400 1
4500 1
4600 1
4700 1
4800 1
4900 1
5000 1
5100 1
5200 1
5300 1
5400 1
5500 1
5600 1
5700 1
5800 1
5900 1
6000 1
6100 1
6200 1
6300 1
6400 1
6500 2
6600 2
6700 1
6800 1
6900 2
7000 1
7100 1
7200 2
7300 2
7400 2
7500 2
7600 2
7700 2
7800 2
7900 2
8000 2
8100 2
8200 2
8300 2
8400 2
8500 2
8600 2
8700 2
8800 2
8900 2
9000 2
9100 2
9200 2
9300 2
9400 2
9500 2
9600 2
9700 2
9800 2
9900 2
10000 2
10100 3
10200 2
10300 2
10400 3
10500 3
10600 3
10700 3
10800 3
10900 3
11000 3
11100 3
11200 3
11300 3
11400 3
11500 3
11600 3
11700 3
11800 3
11900 3
12000 3
12100 3
12200 3
12300 3
12400 3
12500 3
12600 3
12700 3
12800 4
12900 4
13000 4
13100 4
13200 4
13300 4
13400 4
13500 4
13600 4
13700 4
13800 4
13900 4
14000 4
14100 4
14200 4
14300 4
14400 4
14500 4
14600 4
14700 4
14800 4
14900 4
15000 4
15100 4
15200 4
15300 4
15400 4
15500 4
15600 5
15700 5
15800 5
15900 5
16000 5
16100 5
16200 4
16300 5
16400 5
16500 5
16600 5
16700 5
16800 5
16900 5
17000 5
17100 5
17200 5
17300 5
17400 5
17500 5
17600 5
17700 5
17800 5
17900 5
18000 5
18100 5
18200 5
18300 5
18400 5
18500 5
18600 5
18700 5
18800 5
18900 5
19000 6
19100 6
19200 6
19300 6
19400 6
19500 6
19600 6
19700 6
19800 6
19900 6
20000 6
20100 6
20200 6
20300 6
20400 6
20500 6
20600 6
20700 6
20800 7
20900 6
21000 7
21100 6
21200 6
21300 6
21400 6
21500 6
21600 6
21700 7
21800 7
21900 7
22000 7
22100 7
22200 7
22300 7
22400 7
22500 7
22600 7
22700 7
22800 7
22900 7
23000 7
23100 7
23200 7
23300 7
23400 7
23500 7
23600 7
23700 7
23800 7
23900 7
24000 7
24100 8
24200 7
24300 8
24400 8
24500 8
24600 8
24700 8
24800 8
24900 8
25000 8
25100 8
25200 8
25300 8
25400 8
25500 8
25600 8
25700 8
25800 8
25900 8
26000 8
26100 8
26200 8
26300 8
26400 8
26500 8
26600 8
26700 9
26800 9
26900 9
27000 9
27100 9
27200 9
27300 9
27400 9
27500 9
27600 9
27700 9
27800 9
27900 9
28000 9
28100 9
28200 9
28300 9
28400 9
28500 9
28600 10
28700 10
28800 10
28900 10
29000 9
29100 10
29200 10
29300 10
29400 10
29500 10
29600 10
29700 10
29800 10
29900 10
30000 11
30100 10
30200 10
30300 10
30400 10
30500 10
30600 10
30700 10
30800 11
30900 11
31000 10
31100 11
31200 10
31300 10
31400 10
31500 10
31600 10
31700 11
31800 11
31900 11
32000 11
32100 11
32200 11
32300 11
32400 11
32500 11
32600 11
32700 11
32800 11
32900 11
33000 11
33100 11
33200 11
33300 11
33400 11
33500 11
33600 11
33700 12
33800 11
33900 12
34000 12
34100 11
34200 12
34300 12
34400 11
34500 12
34600 12
34700 12
34800 12
34900 12
35000 12
35100 11
35200 12
35300 12
35400 12
35500 12
35600 12
35700 12
35800 14
35900 11
36000 11
36100 12
36200 12
36300 12
36400 12
36500 12
36600 12
36700 13
36800 12
36900 12
37000 12
37100 12
37200 12
37300 13
37400 13
37500 15
37600 12
37700 12
37800 12
37900 13
38000 13
38100 13
38200 13
38300 13
38400 13
38500 13
38600 13
38700 13
38800 13
38900 13
39000 13
39100 16
39200 12
39300 12
39400 13
39500 13
39600 13
39700 13
39800 13
39900 13
40000 13
40100 13
40200 13
40300 14
40400 14
40500 14
40600 14
40700 14
40800 14
40900 15
41000 14
41100 15
41200 14
41300 14
41400 14
41500 15
41600 14
41700 14
41800 15
41900 15
42000 14
42100 15
42200 20
42300 15
42400 15
42500 15
42600 15
42700 15
42800 15
42900 15
43000 16
43100 15
43200 15
43300 15
43400 15
43500 15
43600 18
43700 14
43800 15
43900 16
44000 15
44100 15
44200 15
44300 16
44400 17
44500 16
44600 16
44700 17
44800 16
44900 16
45000 20
45100 16
45200 16
45300 16
45400 16
45500 17
45600 16
45700 16
45800 16
45900 16
46000 16
46100 16
46200 16
46300 16
46400 19
46500 16
46600 17
46700 17
46800 17
46900 17
47000 17
47100 18
47200 17
47300 17
47400 17
47500 17
47600 17
47700 20
47800 17
47900 18
48000 18
48100 18
48200 18
48300 18
48400 17
48500 17
48600 17
48700 17
48800 17
48900 17
49000 21
49100 17
49200 17
49300 17
49400 17
49500 17
49600 17
49700 17
49800 17
49900 17
50000 17
50100 17
50200 18
50300 17
50400 17
50500 18
50600 18
50700 18
50800 18
50900 18
51000 19
51100 18
51200 19
51300 19
51400 19
51500 21
51600 18
51700 19
51800 19
51900 19
52000 19
52100 19
52200 19
52300 19
52400 19
52500 19
52600 24
52700 19
52800 19
52900 19
53000 19
53100 19
53200 19
53300 19
53400 19
53500 19
53600 19
53700 27
53800 19
53900 19
54000 19
54100 19
54200 19
54300 20
54400 19
54500 20
54600 20
54700 20
54800 24
54900 20
55000 20
55100 20
55200 20
55300 20
55400 20
55500 20
55600 21
55700 21
55800 23
55900 20
56000 20
56100 20
56200 21
56300 20
56400 20
56500 20
56600 22
56700 22
56800 27
56900 20
57000 19
57100 23
57200 19
57300 20
57400 20
57500 20
57600 20
57700 20
57800 21
57900 20
58000 20
58100 19
58200 20
58300 19
58400 20
58500 21
58600 20
58700 20
58800 22
58900 20
59000 21
59100 21
59200 21
59300 21
59400 21
59500 21
59600 20
59700 23
59800 20
59900 20
60000 20
60100 20
60200 21
60300 20
60400 20
60500 20
60600 20
60700 22
60800 19
60900 20
61000 20
61100 20
61200 19
61300 20
61400 20
61500 20
61600 22
61700 20
61800 20
61900 20
62000 20
62100 21
62200 20
62300 20
62400 20
62500 23
62600 20
62700 20
62800 20
62900 20
63000 20
63100 20
63200 21
63300 21
63400 24
63500 20
63600 20
63700 20
63800 21
63900 21
64000 21
64100 21
64200 21
64300 24
64400 21
64500 21
64600 21
64700 21
64800 21
64900 21
65000 21
65100 21
65200 24
65300 21
65400 21
65500 21
65600 22
65700 22
65800 21
65900 21
66000 22
66100 21
66200 21
66300 21
66400 21
66500 21
66600 22
66700 22
66800 22
66900 25
67000 21
67100 22
67200 21
67300 22
67400 22
67500 22
67600 22
67700 22
67800 25
67900 22
68000 23
68100 22
68200 22
68300 22
68400 22
68500 22
68600 25
68700 23
68800 23
68900 22
69000 23
69100 23
69200 23
69300 23
69400 23
69500 23
69600 23
69700 23
69800 23
69900 24
70000 23
70100 23
70200 23
70300 26
70400 23
70500 23
70600 23
70700 23
70800 24
70900 23
71000 23
71100 26
71200 23
71300 23
71400 24
71500 23
71600 23
71700 23
71800 24
71900 26
72000 23
72100 23
72200 23
72300 23
72400 23
72500 24
72600 24
72700 26
72800 23
72900 23
73000 23
73100 23
73200 23
73300 24
73400 23
73500 26
73600 24
73700 24
73800 24
73900 24
74000 24
74100 24
74200 27
74300 23
74400 24
74500 24
74600 24
74700 24
74800 24
74900 24
75000 28
75100 24
75200 24
75300 24
75400 24
75500 25
75600 24
75700 24
75800 27
75900 24
76000 25
76100 25
76200 25
76300 25
76400 25
76500 30
76600 25
76700 25
76800 25
76900 25
77000 25
77100 25
77200 25
77300 29
77400 25
77500 25
77600 25
77700 25
77800 25
77900 25
78000 28
78100 25
78200 25
78300 25
78400 25
78500 25
78600 25
78700 29
78800 25
78900 25
79000 26
79100 26
79200 25
79300 26
79400 26
79500 26
79600 26
79700 26
79800 26
79900 26
80000 26
80100 26
80200 29
80300 26
80400 26
80500 26
80600 26
80700 26
80800 26
80900 29
81000 26
81100 26
81200 26
81300 26
81400 27
81500 26
81600 30
81700 26
81800 27
81900 27
82000 27
82100 27
82200 27
82300 30
82400 27
82500 27
82600 27
82700 27
82800 27
82900 27
83000 30
83100 27
83200 28
83300 27
83400 27
83500 28
83600 28
83700 31
83800 28
83900 29
84000 28
84100 28
84200 28
84300 28
84400 31
84500 28
84600 28
84700 28
84800 28
84900 28
85000 28
85100 31
85200 28
85300 28
85400 28
85500 29
85600 28
85700 30
85800 28
85900 28
86000 28
86100 28
86200 28
86300 28
86400 31
86500 28
86600 28
86700 28
86800 31
86900 28
87000 29
87100 29
87200 28
87300 28
87400 28
87500 28
87600 28
87700 31
87800 28
87900 28
88000 28
88100 29
88200 29
88300 29
88400 32
88500 29
88600 30
88700 30
88800 33
88900 30
89000 33
89100 29
89200 29
89300 29
89400 29
89500 29
89600 29
89700 29
89800 30
89900 29
90000 29
90100 31
90200 30
90300 32
90400 29
90500 29
90600 29
90700 29
90800 29
90900 32
91000 29
91100 29
91200 29
91300 29
91400 29
91500 32
91600 30
91700 29
91800 29
91900 29
92000 29
92100 30
92200 29
92300 30
92400 29
92500 30
92600 29
92700 29
92800 32
92900 30
93000 30
93100 30
93200 30
93300 30
93400 33
93500 30
93600 30
93700 30
93800 30
93900 30
94000 33
94100 30
94200 31
94300 30
94400 30
94500 31
94600 34
94700 31
94800 31
94900 31
95000 31
95100 31
95200 34
95300 31
95400 31
95500 31
95600 31
95700 31
95800 34
95900 32
96000 41
96100 37
96200 33
96300 32
96400 34
96500 31
96600 31
96700 31
96800 32
96900 32
97000 34
97100 31
97200 32
97300 32
97400 33
97500 33
97600 35
97700 33
97800 33
97900 33
98000 33
98100 33
98200 35
98300 33
98400 35
98500 34
98600 34
98700 37
98800 35
98900 35
99000 34
99100 34
99200 34
99300 36
99400 34
99500 34
99600 34
99700 33
99800 33
99900 35
100000 33
