0.972214
0.939806
0.98989
0.86284
0.953695
0.931081
0.928307
0.937106
0.9651
0.978554
0.92265
0.883673
0.976995
0.945699
0.872254
0.960701
0.897797
1.00161
0.952983
0.951959
0.927935
0.995143
0.94331
0.962994
0.945699
0.918973
0.961081
0.962206
0.978419
0.936921
0.938733
0.952271
0.934774
0.94703
0.93071
1.00757
0.947505
0.919421
0.954907
0.916163
0.916106
0.961359
0.962998
0.964562
0.947138
0.960599
0.916238
0.936785
0.954867
0.950082
0.919149
0.929299
0.914849
0.93603
0.940285
0.958124
0.939345
0.945699
0.954173
0.956776
0.955418
0.929004
0.941891
0.978059
0.934961
0.958197
0.946073
0.944436
0.965656
0.977833
0.928727
0.953643
0.955516
0.924931
0.950987
0.929033
0.959455
0.942745
0.941133
0.943244
0.951363
0.924082
0.949505
0.928511
0.948659
0.963085
0.966123
0.941219
0.941791
0.93908
0.965531
0.945563
0.933409
0.968041
0.940013
0.918905
0.936034
0.962011
0.93083
0.931051
0.940777
0.957227
0.961749
0.939806
0.921457
0.924527
0.927539
0.942104
0.948133
0.94871
0.938336
0.948608
0.927329
0.926008
0.974087
0.924953
0.964516
0.924432
0.934049
0.952313
0.950537
0.970288
0.936094
0.943805
0.922272
0.929505
0.923988
0.928342
0.940059
0.937298
0.956981
0.940646
0.939267
0.941266
0.953233
0.941724
0.944089
0.947412
0.951813
0.937432
0.931578
0.963951
0.952386
0.954562
0.932435
0.947038
0.949471
0.931396
0.93364
0.949277
0.946064
0.948551
0.948451
0.949622
0.946742
0.952043
0.927524
0.967513
0.952302
0.936061
0.966266
0.949778
0.935531
0.941713
0.94628
0.944436
0.950453
0.958607
0.950018
0.947736
0.925259
0.940299
0.925692
0.964131
0.95201
0.948352
0.954998
0.942916
0.941771
0.94997
0.964013
0.953327
0.946921
0.957991
0.94234
0.929902
0.943601
0.950401
0.941218
0.941691
0.921098
0.933264
0.950564
0.93407
0.944479
0.947809
0.957051
0.931392
0.944058
0.945273
