1.0816
0.935133
0.927964
0.9802
0.950424
0.9282
0.936042
0.944522
0.939393
0.954115
0.947725
0.935234
0.940305
0.957923
0.940449
0.953516
0.951825
0.952492
0.938414
0.928268
0.939874
0.944487
0.950663
0.949314
0.926846
0.960349
0.938144
0.953483
0.944123
0.944548
0.947631
0.939683
0.93013
0.946807
0.943929
0.950049
0.952562
0.941403
0.944099
0.94252
0.942953
0.94558
0.952167
0.938732
0.938218
0.95141
0.942084
0.942605
0.94661
0.954163
0.940812
0.942637
0.944652
0.950974
0.946275
0.944196
0.943453
0.943859
0.945587
0.943717
0.945221
0.945406
0.952649
0.949983
0.943873
0.949303
0.942979
0.942376
0.949572
0.942688
0.943126
0.941748
0.944855
0.944645
0.954691
0.945052
0.942186
0.944123
0.943331
0.948192
0.941848
0.942487
0.943152
0.939941
0.949491
0.944456
0.94193
0.946633
0.948968
0.939958
0.947
0.942434
0.94596
0.942483
0.942561
0.937808
0.938986
0.946191
0.948775
0.945616
0.944511
0.943628
0.947359
0.948955
0.939783
0.948906
0.939589
0.938864
0.941089
0.944636
0.941707
0.943452
0.943508
0.93998
0.947465
0.94505
0.945062
0.945218
0.944884
0.945578
0.94595
0.945675
0.9425
0.946674
0.939678
0.943376
0.945061
0.942839
0.946242
0.939572
0.946712
0.946864
0.948778
0.939625
0.943579
0.946775
0.94712
0.943739
0.94821
0.938703
0.941747
0.947621
0.940363
0.943379
0.940235
0.943118
0.946169
0.942795
0.939877
0.941099
0.947345
0.946892
0.945223
0.94693
0.946619
0.944113
0.943392
0.939971
0.943558
0.946846
0.950683
0.944869
0.941878
0.9429
0.947018
0.948221
0.944102
0.947593
0.94423
0.945961
0.947691
0.943557
0.940983
0.948332
0.94446
0.945455
0.945575
0.948594
0.941886
0.942797
0.945819
0.94502
0.941669
0.947968
0.9444
0.946181
0.946672
0.940947
0.939683
0.94699
0.940873
0.945357
0.941124
0.943688
0.947705
0.942643
0.942679
0.945629
0.944337
0.945043
