500 0
600 0
700 0
800 0
900 0
1000 0
1100 0
1200 0
1300 0
1400 0
1500 0
1600 0
1700 0
1800 0
1900 0
2000 0
2100 0
2200 0
2300 0
2400 0
2500 0
2600 0
2700 1
2800 1
2900 1
3000 1
3100 1
3200 1
3300 1
3400 1
3500 1
3600 1
3700 1
3800 1
3900 1
4000 1
4100 1
4200 1
4300 1
4400 1
4500 1
4600 1
4700 1
4800 1
4900 1
5000 1
5100 1
5200 1
5300 2
5400 2
5500 2
5600 2
5700 2
5800 2
5900 2
6000 2
6100 2
6200 2
6300 2
6400 2
6500 2
6600 2
6700 2
6800 3
6900 3
7000 3
7100 3
7200 2
7300 2
7400 3
7500 3
7600 3
7700 3
7800 3
7900 3
8000 2
8100 3
8200 2
8300 2
8400 3
8500 3
8600 2
8700 2
8800 3
8900 3
9000 2
9100 2
9200 2
9300 3
9400 3
9500 2
9600 2
9700 2
9800 3
9900 3
10000 2
10100 2
10200 3
10300 3
10400 3
10500 4
10600 4
10700 4
10800 4
10900 4
11000 5
11100 4
11200 5
11300 5
11400 5
11500 5
11600 5
11700 5
11800 5
11900 5
12000 5
12100 6
12200 5
12300 5
12400 6
12500 5
12600 6
12700 6
12800 6
12900 6
13000 6
13100 6
13200 6
13300 6
13400 6
13500 6
13600 7
13700 5
13800 7
13900 6
14000 6
14100 6
14200 6
14300 6
14400 6
14500 7
14600 6
14700 6
14800 6
14900 6
15000 6
15100 6
15200 7
15300 6
15400 7
15500 7
15600 7
15700 6
15800 7
15900 7
16000 7
16100 6
16200 7
16300 5
16400 6
16500 6
16600 6
16700 6
16800 6
16900 6
17000 6
17100 6
17200 5
17300 6
17400 6
17500 6
17600 6
17700 6
17800 6
17900 6
18000 6
18100 6
18200 6
18300 6
18400 6
18500 7
18600 6
18700 7
18800 6
18900 7
19000 6
19100 7
19200 6
19300 6
19400 6
19500 6
19600 7
19700 7
19800 7
19900 6
20000 7
20100 6
20200 7
20300 6
20400 7
20500 7
20600 7
20700 7
20800 8
20900 7
21000 8
21100 8
21200 8
21300 8
21400 8
21500 9
21600 8
21700 9
21800 9
21900 9
22000 10
22100 10
22200 9
22300 10
22400 10
22500 10
22600 10
22700 10
22800 10
22900 10
23000 10
23100 10
23200 9
23300 10
23400 10
23500 9
23600 10
23700 10
23800 10
23900 10
24000 11
24100 10
24200 10
24300 10
24400 10
24500 10
24600 10
24700 10
24800 10
24900 11
25000 10
25100 10
25200 10
25300 10
25400 10
25500 10
25600 10
25700 10
25800 10
25900 11
26000 11
26100 11
26200 12
26300 11
26400 11
26500 11
26600 11
26700 11
26800 11
26900 11
27000 11
27100 11
27200 11
27300 11
27400 11
27500 11
27600 11
27700 11
27800 11
27900 11
28000 12
28100 12
28200 12
28300 12
28400 12
28500 12
28600 12
28700 13
28800 13
28900 13
29000 13
29100 13
29200 12
29300 12
29400 13
29500 12
29600 12
29700 12
29800 12
29900 12
30000 12
30100 12
30200 12
30300 12
30400 12
30500 12
30600 12
30700 12
30800 12
30900 12
31000 12
31100 12
31200 12
31300 12
31400 12
31500 12
31600 16
31700 12
31800 12
31900 12
32000 12
32100 12
32200 11
32300 11
32400 11
32500 11
32600 11
32700 11
32800 12
32900 12
33000 13
33100 12
33200 13
33300 13
33400 13
33500 13
33600 13
33700 19
33800 13
33900 13
34000 13
34100 13
34200 13
34300 13
34400 13
34500 13
34600 13
34700 13
34800 13
34900 13
35000 13
35100 13
35200 16
35300 12
35400 12
35500 12
35600 12
35700 12
35800 12
35900 12
36000 12
36100 12
36200 13
36300 12
36400 14
36500 13
36600 18
36700 13
36800 12
36900 13
37000 13
37100 12
37200 12
37300 13
37400 13
37500 13
37600 13
37700 13
37800 13
37900 18
38000 13
38100 13
38200 13
38300 13
38400 13
38500 14
38600 14
38700 14
38800 13
38900 14
39000 13
39100 13
39200 14
39300 19
39400 13
39500 13
39600 13
39700 13
39800 13
39900 13
40000 13
40100 13
40200 13
40300 13
40400 13
40500 13
40600 13
40700 13
40800 13
40900 15
41000 14
41100 15
41200 14
41300 15
41400 14
41500 14
41600 14
41700 15
41800 20
41900 15
42000 15
42100 15
42200 16
42300 16
42400 16
42500 16
42600 17
42700 17
42800 18
42900 17
43000 17
43100 18
43200 18
43300 18
43400 18
43500 18
43600 19
43700 18
43800 19
43900 19
44000 19
44100 24
44200 21
44300 21
44400 21
44500 23
44600 23
44700 21
44800 26
44900 21
45000 22
45100 29
45200 22
45300 24
45400 25
45500 27
45600 26
45700 25
45800 24
45900 22
46000 23
46100 29
46200 21
46300 22
46400 21
46500 22
46600 26
46700 31
46800 35
46900 26
47000 23
47100 26
47200 22
47300 22
47400 24
47500 22
47600 22
47700 22
47800 22
47900 21
48000 22
48100 29
48200 21
48300 21
48400 21
48500 20
48600 22
48700 22
48800 26
48900 24
49000 24
49100 36
49200 25
49300 25
49400 24
49500 24
49600 24
49700 23
49800 23
49900 23
50000 29
50100 24
50200 24
50300 23
50400 23
50500 21
50600 22
50700 21
50800 22
50900 22
51000 22
51100 22
51200 22
51300 22
51400 23
51500 21
51600 22
51700 21
51800 22
51900 26
52000 21
52100 22
52200 22
52300 21
52400 21
52500 22
52600 22
52700 22
52800 27
52900 22
53000 22
53100 22
53200 22
53300 22
53400 22
53500 22
53600 27
53700 22
53800 23
53900 22
54000 22
54100 22
54200 22
54300 23
54400 23
54500 27
54600 24
54700 26
54800 25
54900 24
55000 25
55100 24
55200 23
55300 23
55400 27
55500 23
55600 23
55700 23
55800 23
55900 23
56000 24
56100 24
56200 29
56300 24
56400 23
56500 23
56600 23
56700 23
56800 23
56900 22
57000 27
57100 22
57200 22
57300 22
57400 22
57500 22
57600 22
57700 22
57800 28
57900 22
58000 22
58100 22
58200 23
58300 23
58400 23
58500 23
58600 23
58700 28
58800 22
58900 22
59000 23
59100 23
59200 23
59300 23
59400 23
59500 23
59600 23
59700 23
59800 23
59900 24
60000 24
60100 23
60200 24
60300 23
60400 23
60500 24
60600 23
60700 24
60800 25
60900 25
61000 29
61100 24
61200 24
61300 24
61400 25
61500 25
61600 27
61700 25
61800 31
61900 26
62000 25
62100 26
62200 26
62300 25
62400 24
62500 24
62600 29
62700 24
62800 24
62900 24
63000 24
63100 25
63200 26
63300 30
63400 25
63500 25
63600 26
63700 25
63800 25
63900 24
64000 24
64100 29
64200 25
64300 26
64400 25
64500 24
64600 24
64700 24
64800 29
64900 23
65000 24
65100 25
65200 24
65300 24
65400 24
65500 32
65600 38
65700 29
65800 27
65900 27
66000 26
66100 27
66200 31
66300 26
66400 26
66500 25
66600 25
66700 25
66800 26
66900 30
67000 25
67100 26
67200 26
67300 26
67400 26
67500 27
67600 27
67700 27
67800 29
67900 28
68000 27
68100 28
68200 27
68300 26
68400 27
68500 27
68600 27
68700 27
68800 27
68900 27
69000 33
69100 27
69200 28
69300 28
69400 27
69500 26
69600 26
69700 29
69800 25
69900 25
70000 26
70100 26
70200 28
70300 26
70400 30
70500 25
70600 25
70700 25
70800 25
70900 26
71000 26
71100 32
71200 26
71300 26
71400 26
71500 26
71600 26
71700 26
71800 32
71900 26
72000 27
72100 27
72200 26
72300 25
72400 31
72500 26
72600 26
72700 26
72800 25
72900 25
73000 26
73100 25
73200 25
73300 25
73400 25
73500 25
73600 25
73700 30
73800 25
73900 25
74000 25
74100 25
74200 26
74300 26
74400 25
74500 25
74600 25
74700 25
74800 26
74900 26
75000 30
75100 25
75200 25
75300 26
75400 26
75500 26
75600 30
75700 27
75800 26
75900 25
76000 26
76100 26
76200 30
76300 25
76400 26
76500 26
76600 26
76700 26
76800 26
76900 26
77000 26
77100 26
77200 26
77300 26
77400 27
77500 32
77600 27
77700 27
77800 27
77900 27
78000 27
78100 32
78200 27
78300 27
78400 27
78500 28
78600 28
78700 32
78800 28
78900 27
79000 28
79100 28
79200 27
79300 32
79400 27
79500 27
79600 27
79700 28
79800 27
79900 31
80000 27
80100 27
80200 27
80300 27
80400 27
80500 31
80600 27
80700 27
80800 27
80900 27
81000 27
81100 32
81200 27
81300 27
81400 27
81500 27
81600 27
81700 32
81800 27
81900 27
82000 28
82100 28
82200 28
82300 33
82400 29
82500 29
82600 29
82700 29
82800 29
82900 32
83000 33
83100 32
83200 33
83300 33
83400 38
83500 33
83600 33
83700 33
83800 33
83900 34
84000 39
84100 35
84200 35
84300 35
84400 35
84500 40
84600 36
84700 36
84800 37
84900 36
85000 36
85100 41
85200 37
85300 37
85400 37
85500 37
85600 41
85700 37
85800 37
85900 37
86000 37
86100 42
86200 38
86300 38
86400 39
86500 39
86600 39
86700 43
86800 39
86900 39
87000 40
87100 40
87200 45
87300 40
87400 41
87500 40
87600 41
87700 47
87800 40
87900 41
88000 41
88100 41
88200 50
88300 41
88400 42
88500 42
88600 42
88700 47
88800 42
88900 42
89000 43
89100 43
89200 48
89300 43
89400 42
89500 40
89600 40
89700 45
89800 40
89900 41
90000 41
90100 41
90200 46
90300 41
90400 40
90500 41
90600 41
90700 45
90800 41
90900 41
91000 41
91100 41
91200 46
91300 41
91400 40
91500 41
91600 46
91700 41
91800 41
91900 41
92000 42
92100 46
92200 41
92300 41
92400 41
92500 42
92600 47
92700 41
92800 41
92900 41
93000 42
93100 48
93200 43
93300 43
93400 42
93500 47
93600 42
93700 42
93800 42
93900 42
94000 47
94100 42
94200 42
94300 42
94400 42
94500 47
94600 41
94700 42
94800 43
94900 47
95000 42
95100 42
95200 46
95300 44
95400 47
95500 41
95600 42
95700 42
95800 49
95900 41
96000 41
96100 41
96200 42
96300 48
96400 42
96500 42
96600 41
96700 46
96800 42
96900 44
97000 44
97100 44
97200 53
97300 46
97400 47
97500 45
97600 44
97700 42
97800 42
97900 43
98000 44
98100 50
98200 45
98300 45
98400 49
98500 46
98600 51
98700 45
98800 45
98900 46
99000 52
99100 44
99200 45
99300 45
99400 47
99500 50
99600 44
99700 43
99800 42
99900 48
100000 43
