500 0
600 0
700 0
800 0
900 0
1000 0
1100 0
1200 0
1300 0
1400 0
1500 0
1600 0
1700 0
1800 0
1900 0
2000 0
2100 0
2200 0
2300 0
2400 0
2500 0
2600 0
2700 0
2800 0
2900 0
3000 0
3100 0
3200 0
3300 0
3400 0
3500 0
3600 0
3700 0
3800 0
3900 0
4000 0
4100 0
4200 0
4300 0
4400 0
4500 0
4600 0
4700 0
4800 0
4900 0
5000 0
5100 0
5200 0
5300 0
5400 0
5500 0
5600 0
5700 0
5800 0
5900 0
6000 0
6100 0
6200 0
6300 0
6400 0
6500 0
6600 0
6700 0
6800 0
6900 0
7000 0
7100 0
7200 0
7300 0
7400 0
7500 0
7600 0
7700 0
7800 0
7900 0
8000 0
8100 0
8200 0
8300 0
8400 0
8500 0
8600 0
8700 0
8800 0
8900 0
9000 0
9100 0
9200 0
9300 0
9400 0
9500 0
9600 0
9700 0
9800 0
9900 0
10000 0
10100 0
10200 0
10300 0
10400 0
10500 0
10600 0
10700 0
10800 0
10900 0
11000 0
11100 0
11200 0
11300 1
11400 0
11500 0
11600 0
11700 0
11800 0
11900 0
12000 0
12100 1
12200 0
12300 1
12400 1
12500 1
12600 1
12700 1
12800 1
12900 1
13000 1
13100 1
13200 1
13300 1
13400 1
13500 1
13600 1
13700 1
13800 1
13900 1
14000 1
14100 1
14200 1
14300 1
14400 1
14500 1
14600 1
14700 1
14800 1
14900 1
15000 1
15100 1
15200 1
15300 1
15400 1
15500 1
15600 1
15700 1
15800 2
15900 1
16000 1
16100 1
16200 1
16300 1
16400 1
16500 2
16600 2
16700 1
16800 1
16900 1
17000 2
17100 2
17200 2
17300 2
17400 2
17500 2
17600 2
17700 2
17800 2
17900 2
18000 2
18100 2
18200 2
18300 2
18400 2
18500 2
18600 2
18700 2
18800 2
18900 2
19000 2
19100 2
19200 2
19300 2
19400 2
19500 2
19600 2
19700 2
19800 2
19900 2
20000 2
20100 2
20200 3
20300 2
20400 2
20500 2
20600 2
20700 3
20800 2
20900 2
21000 3
21100 3
21200 3
21300 3
21400 3
21500 3
21600 3
21700 3
21800 3
21900 3
22000 3
22100 3
22200 3
22300 3
22400 3
22500 3
22600 3
22700 3
22800 3
22900 3
23000 3
23100 3
23200 3
23300 4
23400 3
23500 3
23600 3
23700 4
23800 4
23900 4
24000 4
24100 4
24200 4
24300 4
24400 4
24500 4
24600 4
24700 4
24800 4
24900 4
25000 4
25100 4
25200 4
25300 4
25400 4
25500 4
25600 4
25700 5
25800 4
25900 4
26000 5
26100 4
26200 4
26300 5
26400 4
26500 4
26600 5
26700 4
26800 4
26900 5
27000 5
27100 4
27200 5
27300 5
27400 5
27500 5
27600 5
27700 5
27800 5
27900 5
28000 5
28100 5
28200 5
28300 5
28400 5
28500 5
28600 5
28700 5
28800 5
28900 5
29000 5
29100 6
29200 5
29300 5
29400 5
29500 6
29600 9
29700 5
29800 6
29900 6
30000 6
30100 6
30200 6
30300 6
30400 6
30500 6
30600 6
30700 6
30800 6
30900 6
31000 6
31100 6
31200 6
31300 6
31400 6
31500 6
31600 6
31700 6
31800 6
31900 6
32000 6
32100 7
32200 6
32300 7
32400 7
32500 7
32600 6
32700 7
32800 7
32900 7
33000 7
33100 7
33200 7
33300 7
33400 7
33500 7
33600 7
33700 7
33800 7
33900 7
34000 7
34100 7
34200 7
34300 8
34400 7
34500 7
34600 7
34700 8
34800 7
34900 7
35000 7
35100 7
35200 7
35300 7
35400 7
35500 7
35600 7
35700 7
35800 7
35900 7
36000 7
36100 7
36200 7
36300 8
36400 8
36500 8
36600 8
36700 8
36800 8
36900 8
37000 8
37100 8
37200 8
37300 8
37400 9
37500 8
37600 8
37700 8
37800 8
37900 8
38000 9
38100 9
38200 9
38300 9
38400 9
38500 9
38600 9
38700 9
38800 9
38900 9
39000 9
39100 9
39200 9
39300 9
39400 9
39500 9
39600 10
39700 10
39800 9
39900 10
40000 10
40100 10
40200 10
40300 10
40400 10
40500 10
40600 10
40700 10
40800 10
40900 10
41000 10
41100 10
41200 10
41300 10
41400 10
41500 10
41600 10
41700 10
41800 10
41900 11
42000 11
42100 11
42200 11
42300 11
42400 11
42500 11
42600 11
42700 11
42800 12
42900 11
43000 11
43100 11
43200 11
43300 11
43400 12
43500 12
43600 12
43700 12
43800 12
43900 12
44000 12
44100 12
44200 12
44300 12
44400 12
44500 12
44600 12
44700 13
44800 13
44900 13
45000 13
45100 13
45200 13
45300 13
45400 13
45500 13
45600 13
45700 13
45800 13
45900 13
46000 13
46100 13
46200 13
46300 13
46400 13
46500 13
46600 14
46700 14
46800 14
46900 14
47000 14
47100 14
47200 14
47300 14
47400 14
47500 14
47600 14
47700 14
47800 14
47900 14
48000 14
48100 14
48200 14
48300 14
48400 14
48500 14
48600 15
48700 15
48800 14
48900 15
49000 15
49100 15
49200 15
49300 15
49400 15
49500 14
49600 15
49700 15
49800 15
49900 15
50000 15
50100 15
50200 15
50300 15
50400 15
50500 15
50600 15
50700 15
50800 15
50900 15
51000 15
51100 15
51200 19
51300 20
51400 24
51500 16
51600 16
51700 15
51800 16
51900 16
52000 16
52100 17
52200 23
52300 17
52400 16
52500 17
52600 20
52700 23
52800 26
52900 18
53000 28
53100 28
53200 28
53300 19
53400 25
53500 28
53600 22
53700 18
53800 19
53900 19
54000 19
54100 19
54200 18
54300 19
54400 19
54500 18
54600 19
54700 21
54800 21
54900 19
55000 19
55100 19
55200 19
55300 19
55400 26
55500 21
55600 20
55700 21
55800 21
55900 21
56000 34
56100 35
56200 36
56300 25
56400 20
56500 19
56600 19
56700 20
56800 20
56900 20
57000 20
57100 21
57200 22
57300 21
57400 21
57500 21
57600 21
57700 20
57800 21
57900 21
58000 24
58100 22
58200 22
58300 23
58400 22
58500 22
58600 23
58700 22
58800 22
58900 22
59000 25
59100 23
59200 23
59300 23
59400 23
59500 24
59600 23
59700 23
59800 23
59900 26
60000 25
60100 21
60200 21
60300 21
60400 21
60500 21
60600 21
60700 21
60800 21
60900 21
61000 21
61100 21
61200 21
61300 22
61400 22
61500 22
61600 22
61700 22
61800 22
61900 22
62000 22
62100 22
62200 22
62300 22
62400 22
62500 22
62600 22
62700 22
62800 24
62900 23
63000 23
63100 23
63200 23
63300 23
63400 25
63500 23
63600 25
63700 24
63800 25
63900 25
64000 25
64100 26
64200 26
64300 30
64400 26
64500 25
64600 26
64700 26
64800 27
64900 26
65000 29
65100 41
65200 36
65300 40
65400 47
65500 39
65600 36
65700 40
65800 40
65900 27
66000 27
66100 28
66200 25
66300 25
66400 25
66500 26
66600 27
66700 26
66800 26
66900 26
67000 26
67100 28
67200 29
67300 35
67400 46
67500 44
67600 41
67700 27
67800 27
67900 28
68000 28
68100 28
68200 28
68300 28
68400 28
68500 28
68600 28
68700 28
68800 28
68900 28
69000 29
69100 29
69200 29
69300 29
69400 29
69500 29
69600 28
69700 28
69800 28
69900 28
70000 28
70100 28
70200 28
70300 29
70400 31
70500 31
70600 29
70700 31
70800 32
70900 35
71000 57
71100 32
71200 36
71300 37
71400 35
71500 29
71600 29
71700 29
71800 29
71900 29
72000 29
72100 30
72200 30
72300 30
72400 30
72500 30
72600 29
72700 30
72800 30
72900 30
73000 30
73100 30
73200 31
73300 30
73400 30
73500 30
73600 30
73700 31
73800 31
73900 33
74000 33
74100 34
74200 34
74300 34
74400 34
74500 34
74600 34
74700 35
74800 35
74900 34
75000 34
75100 34
75200 35
75300 31
75400 32
75500 32
75600 31
75700 37
75800 36
75900 39
76000 31
76100 31
76200 31
76300 32
76400 31
76500 31
76600 32
76700 31
76800 32
76900 32
77000 33
77100 32
77200 32
77300 33
77400 32
77500 34
77600 35
77700 36
77800 36
77900 36
78000 36
78100 36
78200 36
78300 36
78400 36
78500 36
78600 36
78700 36
78800 37
78900 37
79000 32
79100 33
79200 33
79300 34
79400 34
79500 35
79600 36
79700 34
79800 35
79900 37
80000 36
80100 33
80200 34
80300 33
80400 34
80500 33
80600 35
80700 33
80800 33
80900 33
81000 33
81100 33
81200 33
81300 33
81400 33
81500 33
81600 33
81700 33
81800 34
81900 34
82000 35
82100 35
82200 34
82300 35
82400 35
82500 35
82600 35
82700 35
82800 35
82900 36
83000 35
83100 35
83200 35
83300 36
83400 35
83500 35
83600 35
83700 35
83800 36
83900 35
84000 35
84100 35
84200 36
84300 38
84400 39
84500 39
84600 39
84700 40
84800 42
84900 39
85000 35
85100 36
85200 36
85300 36
85400 35
85500 35
85600 35
85700 35
85800 35
85900 35
86000 35
86100 35
86200 35
86300 35
86400 35
86500 37
86600 37
86700 39
86800 39
86900 41
87000 39
87100 40
87200 40
87300 36
87400 38
87500 39
87600 41
87700 40
87800 36
87900 35
88000 36
88100 36
88200 38
88300 38
88400 40
88500 37
88600 39
88700 37
88800 38
88900 36
89000 37
89100 38
89200 37
89300 38
89400 42
89500 42
89600 42
89700 42
89800 40
89900 39
90000 40
90100 39
90200 39
90300 39
90400 40
90500 40
90600 42
90700 39
90800 39
90900 40
91000 40
91100 42
91200 41
91300 43
91400 44
91500 39
91600 40
91700 40
91800 40
91900 41
92000 41
92100 40
92200 39
92300 39
92400 39
92500 39
92600 39
92700 39
92800 39
92900 40
93000 40
93100 39
93200 40
93300 39
93400 39
93500 40
93600 40
93700 39
93800 39
93900 40
94000 39
94100 39
94200 39
94300 41
94400 42
94500 45
94600 42
94700 40
94800 41
94900 41
95000 42
95100 43
95200 42
95300 43
95400 46
95500 46
95600 43
95700 43
95800 43
95900 43
96000 43
96100 43
96200 43
96300 42
96400 42
96500 42
96600 42
96700 42
96800 42
96900 43
97000 44
97100 42
97200 46
97300 42
97400 43
97500 43
97600 44
97700 43
97800 51
97900 44
98000 44
98100 45
98200 44
98300 44
98400 44
98500 44
98600 44
98700 44
98800 44
98900 45
99000 45
99100 46
99200 47
99300 50
99400 51
99500 51
99600 50
99700 48
99800 48
99900 48
100000 48
