500 0
600 0
700 0
800 0
900 0
1000 0
1100 0
1200 0
1300 0
1400 0
1500 0
1600 0
1700 0
1800 0
1900 0
2000 0
2100 0
2200 0
2300 0
2400 0
2500 0
2600 0
2700 0
2800 0
2900 0
3000 0
3100 0
3200 0
3300 0
3400 0
3500 0
3600 0
3700 0
3800 0
3900 0
4000 0
4100 1
4200 1
4300 0
4400 0
4500 0
4600 0
4700 0
4800 0
4900 0
5000 1
5100 1
5200 1
5300 1
5400 1
5500 1
5600 1
5700 1
5800 1
5900 1
6000 1
6100 1
6200 1
6300 2
6400 1
6500 1
6600 1
6700 1
6800 1
6900 1
7000 1
7100 1
7200 2
7300 1
7400 1
7500 1
7600 1
7700 2
7800 2
7900 2
8000 2
8100 2
8200 2
8300 2
8400 2
8500 2
8600 2
8700 2
8800 2
8900 2
9000 2
9100 2
9200 2
9300 2
9400 2
9500 2
9600 2
9700 2
9800 2
9900 2
10000 2
10100 2
10200 2
10300 2
10400 3
10500 3
10600 3
10700 3
10800 4
10900 3
11000 3
11100 3
11200 4
11300 3
11400 3
11500 3
11600 4
11700 3
11800 3
11900 3
12000 5
12100 3
12200 5
12300 3
12400 3
12500 3
12600 3
12700 3
12800 3
12900 3
13000 3
13100 3
13200 3
13300 3
13400 3
13500 3
13600 3
13700 3
13800 3
13900 3
14000 4
14100 4
14200 3
14300 3
14400 4
14500 4
14600 4
14700 4
14800 4
14900 4
15000 4
15100 4
15200 4
15300 4
15400 4
15500 4
15600 4
15700 4
15800 5
15900 5
16000 5
16100 5
16200 5
16300 5
16400 5
16500 4
16600 5
16700 4
16800 4
16900 5
17000 5
17100 5
17200 5
17300 5
17400 5
17500 5
17600 5
17700 5
17800 5
17900 5
18000 5
18100 5
18200 5
18300 5
18400 5
18500 5
18600 5
18700 5
18800 5
18900 5
19000 5
19100 5
19200 5
19300 5
19400 6
19500 5
19600 5
19700 5
19800 5
19900 6
20000 5
20100 5
20200 5
20300 5
20400 6
20500 5
20600 5
20700 5
20800 5
20900 6
21000 6
21100 7
21200 6
21300 6
21400 7
21500 6
21600 7
21700 6
21800 7
21900 6
22000 7
22100 6
22200 6
22300 7
22400 7
22500 6
22600 6
22700 7
22800 7
22900 7
23000 7
23100 7
23200 7
23300 7
23400 7
23500 7
23600 7
23700 7
23800 7
23900 7
24000 7
24100 8
24200 7
24300 7
24400 7
24500 7
24600 7
24700 7
24800 7
24900 7
25000 8
25100 7
25200 8
25300 8
25400 8
25500 8
25600 8
25700 8
25800 8
25900 8
26000 8
26100 8
26200 8
26300 8
26400 8
26500 9
26600 8
26700 8
26800 8
26900 8
27000 8
27100 8
27200 8
27300 8
27400 8
27500 8
27600 7
27700 8
27800 8
27900 8
28000 8
28100 8
28200 8
28300 8
28400 8
28500 8
28600 8
28700 8
28800 8
28900 8
29000 8
29100 8
29200 8
29300 8
29400 8
29500 8
29600 8
29700 8
29800 9
29900 9
30000 9
30100 9
30200 9
30300 9
30400 9
30500 9
30600 9
30700 9
30800 9
30900 9
31000 9
31100 9
31200 9
31300 9
31400 9
31500 8
31600 9
31700 9
31800 9
31900 9
32000 9
32100 9
32200 10
32300 9
32400 9
32500 9
32600 10
32700 10
32800 11
32900 11
33000 11
33100 11
33200 9
33300 9
33400 9
33500 10
33600 9
33700 13
33800 9
33900 8
34000 8
34100 8
34200 9
34300 9
34400 9
34500 9
34600 10
34700 10
34800 10
34900 10
35000 10
35100 9
35200 9
35300 13
35400 9
35500 9
35600 9
35700 9
35800 9
35900 9
36000 9
36100 9
36200 9
36300 9
36400 9
36500 10
36600 10
36700 10
36800 9
36900 13
37000 9
37100 9
37200 9
37300 9
37400 9
37500 9
37600 9
37700 9
37800 9
37900 9
38000 9
38100 9
38200 9
38300 9
38400 13
38500 9
38600 9
38700 9
38800 10
38900 10
39000 10
39100 10
39200 10
39300 10
39400 10
39500 11
39600 11
39700 11
39800 15
39900 11
40000 10
40100 10
40200 10
40300 10
40400 11
40500 11
40600 11
40700 11
40800 11
40900 10
41000 10
41100 10
41200 15
41300 11
41400 11
41500 11
41600 11
41700 12
41800 11
41900 11
42000 12
42100 12
42200 12
42300 12
42400 13
42500 16
42600 13
42700 13
42800 13
42900 13
43000 13
43100 14
43200 14
43300 14
43400 14
43500 14
43600 14
43700 18
43800 15
43900 15
44000 15
44100 15
44200 15
44300 15
44400 16
44500 16
44600 22
44700 23
44800 35
44900 25
45000 24
45100 24
45200 17
45300 17
45400 16
45500 15
45600 16
45700 15
45800 16
45900 15
46000 20
46100 15
46200 16
46300 16
46400 16
46500 19
46600 16
46700 16
46800 17
46900 17
47000 16
47100 21
47200 16
47300 16
47400 17
47500 17
47600 18
47700 15
47800 19
47900 15
48000 16
48100 16
48200 15
48300 16
48400 17
48500 15
48600 15
48700 15
48800 16
48900 16
49000 16
49100 16
49200 19
49300 17
49400 17
49500 19
49600 26
49700 21
49800 18
49900 19
50000 19
50100 18
50200 19
50300 18
50400 18
50500 18
50600 18
50700 18
50800 18
50900 18
51000 23
51100 28
51200 28
51300 33
51400 28
51500 29
51600 29
51700 28
51800 17
51900 18
52000 32
52100 27
52200 19
52300 21
52400 18
52500 18
52600 18
52700 18
52800 18
52900 19
53000 27
53100 27
53200 20
53300 23
53400 18
53500 18
53600 18
53700 19
53800 21
53900 23
54000 22
54100 17
54200 21
54300 21
54400 17
54500 17
54600 17
54700 18
54800 19
54900 16
55000 16
55100 17
55200 30
55300 17
55400 17
55500 17
55600 17
55700 17
55800 17
55900 17
56000 17
56100 21
56200 18
56300 18
56400 17
56500 17
56600 20
56700 18
56800 18
56900 20
57000 26
57100 29
57200 28
57300 28
57400 27
57500 19
57600 20
57700 20
57800 27
57900 35
58000 30
58100 31
58200 31
58300 31
58400 32
58500 32
58600 32
58700 35
58800 37
58900 21
59000 26
59100 21
59200 21
59300 20
59400 21
59500 23
59600 21
59700 27
59800 20
59900 21
60000 20
60100 21
60200 21
60300 22
60400 22
60500 27
60600 21
60700 21
60800 21
60900 22
61000 21
61100 21
61200 21
61300 21
61400 32
61500 19
61600 19
61700 20
61800 20
61900 20
62000 19
62100 20
62200 24
62300 20
62400 19
62500 19
62600 20
62700 20
62800 20
62900 20
63000 34
63100 29
63200 34
63300 32
63400 29
63500 32
63600 31
63700 31
63800 31
63900 30
64000 30
64100 30
64200 30
64300 30
64400 30
64500 30
64600 30
64700 36
64800 30
64900 30
65000 30
65100 30
65200 30
65300 30
65400 30
65500 36
65600 30
65700 31
65800 30
65900 31
66000 31
66100 32
66200 31
66300 27
66400 23
66500 24
66600 23
66700 25
66800 24
66900 23
67000 27
67100 23
67200 24
67300 23
67400 24
67500 24
67600 24
67700 24
67800 28
67900 25
68000 22
68100 23
68200 23
68300 23
68400 24
68500 23
68600 27
68700 24
68800 24
68900 23
69000 23
69100 23
69200 23
69300 26
69400 23
69500 23
69600 23
69700 24
69800 24
69900 24
70000 23
70100 26
70200 23
70300 24
70400 23
70500 23
70600 23
70700 23
70800 26
70900 22
71000 23
71100 22
71200 22
71300 22
71400 22
71500 23
71600 26
71700 23
71800 23
71900 23
72000 24
72100 23
72200 24
72300 26
72400 24
72500 23
72600 24
72700 23
72800 23
72900 23
73000 26
73100 22
73200 22
73300 22
73400 22
73500 23
73600 22
73700 26
73800 22
73900 22
74000 22
74100 22
74200 22
74300 22
74400 26
74500 22
74600 21
74700 21
74800 22
74900 22
75000 22
75100 27
75200 22
75300 22
75400 22
75500 22
75600 22
75700 22
75800 26
75900 22
76000 22
76100 22
76200 23
76300 22
76400 22
76500 26
76600 22
76700 23
76800 23
76900 23
77000 23
77100 23
77200 22
77300 23
77400 24
77500 23
77600 23
77700 23
77800 27
77900 23
78000 23
78100 23
78200 23
78300 23
78400 23
78500 27
78600 23
78700 23
78800 23
78900 24
79000 24
79100 24
79200 27
79300 24
79400 24
79500 24
79600 24
79700 24
79800 27
79900 24
80000 24
80100 24
80200 23
80300 24
80400 23
80500 23
80600 23
80700 24
80800 25
80900 24
81000 24
81100 28
81200 23
81300 24
81400 24
81500 24
81600 24
81700 28
81800 24
81900 24
82000 24
82100 25
82200 26
82300 25
82400 25
82500 26
82600 26
82700 27
82800 26
82900 26
83000 30
83100 27
83200 27
83300 27
83400 28
83500 28
83600 31
83700 29
83800 29
83900 29
84000 30
84100 29
84200 33
84300 30
84400 31
84500 30
84600 31
84700 31
84800 31
84900 31
85000 32
85100 32
85200 32
85300 35
85400 32
85500 33
85600 32
85700 33
85800 32
85900 36
86000 33
86100 33
86200 33
86300 32
86400 33
86500 36
86600 33
86700 33
86800 32
86900 33
87000 37
87100 33
87200 33
87300 33
87400 34
87500 33
87600 33
87700 33
87800 33
87900 34
88000 32
88100 34
88200 30
88300 31
88400 31
88500 31
88600 35
88700 30
88800 30
88900 30
89000 30
89100 31
89200 34
89300 30
89400 30
89500 30
89600 31
89700 34
89800 30
89900 30
90000 30
90100 31
90200 35
90300 30
90400 30
90500 30
90600 31
90700 31
90800 34
90900 30
91000 31
91100 30
91200 31
91300 35
91400 31
91500 31
91600 31
91700 31
91800 35
91900 31
92000 31
92100 31
92200 31
92300 35
92400 31
92500 31
92600 31
92700 31
92800 31
92900 34
93000 31
93100 31
93200 31
93300 31
93400 35
93500 31
93600 31
93700 31
93800 32
93900 35
94000 32
94100 32
94200 31
94300 31
94400 36
94500 32
94600 32
94700 32
94800 32
94900 35
95000 31
95100 32
95200 32
95300 32
95400 35
95500 31
95600 32
95700 32
95800 31
95900 35
96000 31
96100 32
96200 31
96300 32
96400 35
96500 31
96600 32
96700 32
96800 33
96900 39
97000 32
97100 32
97200 32
97300 31
97400 35
97500 32
97600 32
97700 32
97800 32
97900 35
98000 32
98100 32
98200 33
98300 32
98400 32
98500 32
98600 32
98700 33
98800 40
98900 32
99000 32
99100 33
99200 33
99300 37
99400 32
99500 32
99600 32
99700 32
99800 35
99900 33
100000 32
