500 0
600 0
700 0
800 0
900 0
1000 0
1100 0
1200 0
1300 0
1400 0
1500 0
1600 0
1700 0
1800 0
1900 0
2000 1
2100 0
2200 0
2300 0
2400 1
2500 1
2600 0
2700 0
2800 0
2900 0
3000 0
3100 0
3200 0
3300 0
3400 0
3500 0
3600 0
3700 1
3800 0
3900 1
4000 1
4100 1
4200 1
4300 0
4400 0
4500 0
4600 1
4700 1
4800 1
4900 1
5000 1
5100 1
5200 1
5300 1
5400 1
5500 1
5600 1
5700 1
5800 1
5900 1
6000 1
6100 1
6200 1
6300 1
6400 1
6500 1
6600 1
6700 1
6800 1
6900 1
7000 1
7100 1
7200 1
7300 1
7400 1
7500 1
7600 1
7700 1
7800 2
7900 2
8000 2
8100 2
8200 2
8300 2
8400 2
8500 2
8600 2
8700 2
8800 2
8900 2
9000 3
9100 3
9200 3
9300 2
9400 2
9500 2
9600 2
9700 2
9800 2
9900 2
10000 2
10100 2
10200 2
10300 2
10400 2
10500 2
10600 3
10700 5
10800 6
10900 5
11000 5
11100 6
11200 5
11300 4
11400 4
11500 4
11600 2
11700 2
11800 3
11900 3
12000 4
12100 4
12200 3
12300 3
12400 2
12500 2
12600 2
12700 3
12800 3
12900 2
13000 2
13100 2
13200 3
13300 3
13400 3
13500 3
13600 3
13700 3
13800 3
13900 3
14000 3
14100 3
14200 3
14300 3
14400 3
14500 3
14600 3
14700 3
14800 3
14900 3
15000 3
15100 3
15200 3
15300 3
15400 3
15500 4
15600 3
15700 4
15800 4
15900 4
16000 4
16100 4
16200 4
16300 4
16400 5
16500 5
16600 4
16700 4
16800 5
16900 4
17000 4
17100 5
17200 4
17300 4
17400 5
17500 5
17600 5
17700 5
17800 4
17900 5
18000 5
18100 4
18200 5
18300 5
18400 4
18500 5
18600 5
18700 4
18800 5
18900 4
19000 5
19100 5
19200 5
19300 5
19400 6
19500 5
19600 6
19700 6
19800 7
19900 6
20000 6
20100 6
20200 5
20300 5
20400 5
20500 5
20600 6
20700 5
20800 5
20900 5
21000 5
21100 5
21200 6
21300 5
21400 5
21500 5
21600 6
21700 5
21800 5
21900 6
22000 5
22100 6
22200 5
22300 5
22400 6
22500 5
22600 5
22700 5
22800 5
22900 6
23000 5
23100 6
23200 6
23300 5
23400 6
23500 6
23600 6
23700 6
23800 5
23900 6
24000 5
24100 6
24200 6
24300 5
24400 6
24500 5
24600 6
24700 6
24800 5
24900 6
25000 5
25100 5
25200 6
25300 5
25400 6
25500 5
25600 6
25700 6
25800 6
25900 6
26000 5
26100 6
26200 6
26300 6
26400 6
26500 6
26600 6
26700 6
26800 6
26900 7
27000 6
27100 6
27200 6
27300 6
27400 6
27500 6
27600 6
27700 6
27800 6
27900 6
28000 6
28100 6
28200 7
28300 6
28400 6
28500 6
28600 6
28700 6
28800 6
28900 6
29000 6
29100 6
29200 6
29300 6
29400 6
29500 7
29600 7
29700 7
29800 6
29900 7
30000 7
30100 6
30200 7
30300 6
30400 7
30500 6
30600 6
30700 7
30800 7
30900 7
31000 7
31100 7
31200 8
31300 8
31400 8
31500 9
31600 9
31700 9
31800 9
31900 9
32000 9
32100 9
32200 9
32300 9
32400 9
32500 9
32600 9
32700 9
32800 9
32900 9
33000 10
33100 10
33200 10
33300 10
33400 10
33500 10
33600 10
33700 11
33800 11
33900 12
34000 11
34100 11
34200 12
34300 12
34400 12
34500 12
34600 11
34700 18
34800 11
34900 11
35000 11
35100 11
35200 11
35300 11
35400 12
35500 12
35600 12
35700 12
35800 12
35900 12
36000 12
36100 12
36200 11
36300 15
36400 10
36500 10
36600 10
36700 10
36800 11
36900 11
37000 10
37100 10
37200 10
37300 10
37400 10
37500 10
37600 10
37700 10
37800 14
37900 10
38000 10
38100 9
38200 10
38300 10
38400 10
38500 10
38600 11
38700 10
38800 10
38900 11
39000 10
39100 10
39200 14
39300 10
39400 11
39500 10
39600 11
39700 11
39800 11
39900 11
40000 10
40100 11
40200 11
40300 10
40400 10
40500 11
40600 11
40700 11
40800 11
40900 11
41000 11
41100 11
41200 11
41300 11
41400 10
41500 11
41600 11
41700 12
41800 11
41900 12
42000 15
42100 11
42200 12
42300 11
42400 12
42500 12
42600 12
42700 12
42800 12
42900 12
43000 12
43100 11
43200 11
43300 12
43400 15
43500 12
43600 11
43700 12
43800 11
43900 12
44000 12
44100 13
44200 12
44300 12
44400 12
44500 12
44600 12
44700 12
44800 13
44900 12
45000 12
45100 13
45200 12
45300 12
45400 12
45500 12
45600 12
45700 12
45800 12
45900 16
46000 12
46100 12
46200 12
46300 12
46400 12
46500 12
46600 12
46700 13
46800 13
46900 13
47000 12
47100 17
47200 12
47300 12
47400 12
47500 12
47600 13
47700 12
47800 12
47900 12
48000 12
48100 12
48200 12
48300 16
48400 12
48500 12
48600 12
48700 12
48800 11
48900 12
49000 12
49100 12
49200 12
49300 12
49400 12
49500 16
49600 12
49700 12
49800 12
49900 12
50000 12
50100 12
50200 12
50300 12
50400 12
50500 13
50600 16
50700 12
50800 13
50900 12
51000 13
51100 13
51200 13
51300 13
51400 13
51500 13
51600 13
51700 17
51800 13
51900 14
52000 15
52100 14
52200 16
52300 14
52400 14
52500 14
52600 14
52700 14
52800 18
52900 13
53000 14
53100 14
53200 14
53300 14
53400 14
53500 14
53600 15
53700 15
53800 16
53900 21
54000 15
54100 15
54200 15
54300 15
54400 15
54500 15
54600 15
54700 15
54800 15
54900 18
55000 14
55100 14
55200 14
55300 14
55400 14
55500 14
55600 14
55700 13
55800 13
55900 16
56000 13
56100 14
56200 13
56300 13
56400 13
56500 13
56600 13
56700 13
56800 13
56900 16
57000 14
57100 14
57200 15
57300 14
57400 15
57500 14
57600 15
57700 14
57800 14
57900 18
58000 15
58100 15
58200 15
58300 14
58400 15
58500 14
58600 14
58700 15
58800 14
58900 18
59000 18
59100 20
59200 15
59300 16
59400 18
59500 14
59600 15
59700 15
59800 25
59900 14
60000 15
60100 15
60200 15
60300 15
60400 15
60500 16
60600 16
60700 16
60800 20
60900 16
61000 15
61100 15
61200 15
61300 15
61400 15
61500 15
61600 17
61700 20
61800 16
61900 16
62000 18
62100 17
62200 18
62300 17
62400 18
62500 18
62600 23
62700 18
62800 18
62900 18
63000 18
63100 18
63200 18
63300 18
63400 23
63500 19
63600 19
63700 19
63800 19
63900 19
64000 19
64100 18
64200 23
64300 19
64400 18
64500 19
64600 18
64700 18
64800 18
64900 18
65000 22
65100 18
65200 18
65300 18
65400 18
65500 18
65600 18
65700 19
65800 22
65900 18
66000 18
66100 18
66200 18
66300 18
66400 18
66500 18
66600 22
66700 19
66800 19
66900 19
67000 19
67100 19
67200 19
67300 19
67400 22
67500 19
67600 19
67700 20
67800 19
67900 21
68000 20
68100 23
68200 19
68300 19
68400 19
68500 20
68600 20
68700 21
68800 20
68900 23
69000 21
69100 21
69200 22
69300 21
69400 21
69500 21
69600 20
69700 24
69800 20
69900 20
70000 21
70100 20
70200 20
70300 23
70400 23
70500 21
70600 21
70700 23
70800 21
70900 20
71000 21
71100 23
71200 20
71300 20
71400 20
71500 20
71600 31
71700 32
71800 29
71900 30
72000 24
72100 22
72200 21
72300 22
72400 22
72500 24
72600 29
72700 24
72800 24
72900 24
73000 24
73100 22
73200 21
73300 24
73400 20
73500 20
73600 21
73700 21
73800 20
73900 21
74000 26
74100 23
74200 22
74300 23
74400 23
74500 24
74600 24
74700 30
74800 23
74900 22
75000 23
75100 23
75200 23
75300 24
75400 32
75500 24
75600 23
75700 22
75800 23
75900 22
76000 23
76100 22
76200 23
76300 23
76400 23
76500 22
76600 22
76700 26
76800 22
76900 22
77000 22
77100 21
77200 21
77300 21
77400 26
77500 22
77600 22
77700 23
77800 22
77900 25
78000 25
78100 28
78200 23
78300 23
78400 23
78500 23
78600 23
78700 23
78800 26
78900 23
79000 23
79100 22
79200 23
79300 23
79400 27
79500 22
79600 23
79700 23
79800 23
79900 23
80000 23
80100 26
80200 23
80300 23
80400 23
80500 23
80600 23
80700 27
80800 22
80900 22
81000 22
81100 23
81200 22
81300 23
81400 26
81500 22
81600 22
81700 22
81800 22
81900 22
82000 26
82100 22
82200 23
82300 23
82400 23
82500 23
82600 23
82700 23
82800 23
82900 23
83000 23
83100 23
83200 23
83300 28
83400 23
83500 23
83600 23
83700 23
83800 23
83900 26
84000 23
84100 23
84200 23
84300 23
84400 24
84500 24
84600 23
84700 24
84800 23
84900 23
85000 24
85100 25
85200 25
85300 25
85400 25
85500 26
85600 26
85700 27
85800 26
85900 26
86000 26
86100 26
86200 26
86300 26
86400 25
86500 25
86600 25
86700 25
86800 25
86900 25
87000 25
87100 25
87200 25
87300 25
87400 25
87500 25
87600 25
87700 25
87800 25
87900 25
88000 25
88100 26
88200 24
88300 25
88400 25
88500 25
88600 26
88700 48
88800 31
88900 29
89000 35
89100 28
89200 28
89300 34
89400 27
89500 28
89600 27
89700 27
89800 27
89900 31
90000 28
90100 28
90200 27
90300 27
90400 27
90500 33
90600 27
90700 28
90800 27
90900 27
91000 28
91100 33
91200 28
91300 28
91400 28
91500 29
91600 32
91700 27
91800 28
91900 27
92000 28
92100 28
92200 33
92300 28
92400 28
92500 28
92600 28
92700 28
92800 32
92900 29
93000 29
93100 29
93200 28
93300 32
93400 28
93500 28
93600 31
93700 29
93800 28
93900 33
94000 28
94100 29
94200 28
94300 28
94400 28
94500 29
94600 29
94700 29
94800 29
94900 30
95000 34
95100 30
95200 29
95300 29
95400 29
95500 32
95600 28
95700 28
95800 29
95900 28
96000 29
96100 32
96200 28
96300 28
96400 29
96500 33
96600 35
96700 29
96800 30
96900 29
97000 30
97100 30
97200 32
97300 29
97400 29
97500 29
97600 29
97700 32
97800 31
97900 29
98000 32
98100 31
98200 33
98300 27
98400 26
98500 26
98600 27
98700 27
98800 30
98900 27
99000 27
99100 27
99200 28
99300 31
99400 27
99500 26
99600 27
99700 28
99800 30
99900 27
100000 27
