500 0
600 0
700 0
800 1
900 0
1000 0
1100 0
1200 0
1300 0
1400 0
1500 0
1600 0
1700 0
1800 0
1900 0
2000 0
2100 0
2200 0
2300 1
2400 1
2500 1
2600 1
2700 1
2800 1
2900 1
3000 1
3100 1
3200 1
3300 2
3400 2
3500 1
3600 2
3700 2
3800 2
3900 2
4000 2
4100 2
4200 2
4300 2
4400 2
4500 2
4600 2
4700 3
4800 2
4900 2
5000 2
5100 2
5200 2
5300 3
5400 3
5500 3
5600 3
5700 4
5800 4
5900 4
6000 4
6100 4
6200 5
6300 4
6400 5
6500 4
6600 4
6700 4
6800 7
6900 11
7000 9
7100 9
7200 9
7300 11
7400 8
7500 5
7600 5
7700 6
7800 8
7900 5
8000 6
8100 5
8200 5
8300 5
8400 5
8500 4
8600 5
8700 4
8800 5
8900 5
9000 4
9100 5
9200 5
9300 4
9400 4
9500 4
9600 4
9700 5
9800 5
9900 4
10000 4
10100 4
10200 4
10300 5
10400 5
10500 5
10600 6
10700 5
10800 5
10900 6
11000 6
11100 6
11200 6
11300 7
11400 6
11500 7
11600 7
11700 7
11800 7
11900 7
12000 7
12100 8
12200 8
12300 8
12400 8
12500 8
12600 8
12700 8
12800 8
12900 8
13000 8
13100 8
13200 8
13300 8
13400 8
13500 8
13600 8
13700 8
13800 8
13900 9
14000 8
14100 9
14200 9
14300 8
14400 9
14500 8
14600 9
14700 9
14800 8
14900 8
15000 8
15100 9
15200 8
15300 9
15400 9
15500 8
15600 9
15700 9
15800 9
15900 9
16000 8
16100 9
16200 9
16300 8
16400 9
16500 9
16600 9
16700 9
16800 9
16900 9
17000 9
17100 9
17200 9
17300 9
17400 9
17500 9
17600 9
17700 9
17800 9
17900 9
18000 9
18100 9
18200 9
18300 9
18400 9
18500 9
18600 9
18700 9
18800 9
18900 9
19000 9
19100 9
19200 9
19300 9
19400 9
19500 9
19600 9
19700 9
19800 9
19900 10
20000 10
20100 9
20200 9
20300 10
20400 9
20500 10
20600 10
20700 11
20800 11
20900 11
21000 11
21100 11
21200 11
21300 11
21400 11
21500 11
21600 12
21700 11
21800 12
21900 12
22000 12
22100 13
22200 13
22300 13
22400 14
22500 13
22600 13
22700 14
22800 14
22900 14
23000 14
23100 14
23200 15
23300 15
23400 15
23500 16
23600 16
23700 16
23800 17
23900 16
24000 17
24100 17
24200 17
24300 17
24400 17
24500 17
24600 17
24700 17
24800 17
24900 17
25000 17
25100 17
25200 17
25300 17
25400 17
25500 17
25600 17
25700 17
25800 18
25900 17
26000 17
26100 17
26200 17
26300 17
26400 17
26500 17
26600 17
26700 17
26800 17
26900 18
27000 18
27100 18
27200 18
27300 18
27400 18
27500 18
27600 18
27700 18
27800 18
27900 18
28000 18
28100 18
28200 18
28300 18
28400 18
28500 19
28600 18
28700 18
28800 18
28900 18
29000 18
29100 19
29200 18
29300 18
29400 18
29500 19
29600 19
29700 19
29800 19
29900 20
30000 19
30100 19
30200 20
30300 19
30400 19
30500 25
30600 17
30700 18
30800 18
30900 18
31000 18
31100 18
31200 18
31300 19
31400 18
31500 19
31600 19
31700 19
31800 19
31900 19
32000 18
32100 18
32200 19
32300 19
32400 19
32500 18
32600 18
32700 19
32800 19
32900 19
33000 19
33100 19
33200 19
33300 26
33400 18
33500 18
33600 18
33700 18
33800 18
33900 18
34000 19
34100 19
34200 20
34300 19
34400 19
34500 19
34600 20
34700 27
34800 19
34900 19
35000 19
35100 19
35200 18
35300 18
35400 19
35500 19
35600 19
35700 19
35800 19
35900 19
36000 26
36100 19
36200 20
36300 20
36400 20
36500 21
36600 21
36700 21
36800 22
36900 22
37000 22
37100 23
37200 33
37300 25
37400 24
37500 22
37600 23
37700 21
37800 21
37900 21
38000 21
38100 21
38200 21
38300 21
38400 29
38500 22
38600 24
38700 24
38800 23
38900 24
39000 23
39100 24
39200 22
39300 22
39400 22
39500 21
39600 29
39700 21
39800 21
39900 20
40000 21
40100 20
40200 21
40300 21
40400 21
40500 21
40600 21
40700 21
40800 34
40900 21
41000 21
41100 22
41200 21
41300 22
41400 22
41500 23
41600 22
41700 23
41800 23
41900 29
42000 23
42100 24
42200 22
42300 23
42400 23
42500 23
42600 23
42700 25
42800 25
42900 24
43000 31
43100 25
43200 25
43300 24
43400 26
43500 29
43600 26
43700 26
43800 26
43900 26
44000 33
44100 27
44200 27
44300 27
44400 26
44500 26
44600 28
44700 26
44800 26
44900 26
45000 33
45100 27
45200 27
45300 28
45400 28
45500 29
45600 29
45700 29
45800 29
45900 36
46000 29
46100 29
46200 28
46300 28
46400 28
46500 29
46600 30
46700 29
46800 30
46900 36
47000 30
47100 30
47200 30
47300 30
47400 30
47500 30
47600 31
47700 31
47800 37
47900 31
48000 31
48100 33
48200 32
48300 31
48400 32
48500 32
48600 32
48700 38
48800 33
48900 34
49000 33
49100 35
49200 36
49300 35
49400 35
49500 42
49600 35
49700 35
49800 35
49900 36
50000 35
50100 37
50200 35
50300 35
50400 34
50500 35
50600 35
50700 35
50800 39
50900 36
51000 36
51100 35
51200 41
51300 34
51400 34
51500 35
51600 35
51700 36
51800 35
51900 36
52000 44
52100 36
52200 35
52300 35
52400 36
52500 36
52600 36
52700 38
52800 42
52900 35
53000 36
53100 35
53200 37
53300 37
53400 37
53500 37
53600 44
53700 37
53800 37
53900 37
54000 38
54100 37
54200 37
54300 36
54400 41
54500 35
54600 35
54700 35
54800 35
54900 36
55000 35
55100 36
55200 42
55300 35
55400 35
55500 36
55600 36
55700 36
55800 36
55900 43
56000 35
56100 35
56200 35
56300 35
56400 35
56500 36
56600 35
56700 42
56800 35
56900 36
57000 36
57100 37
57200 39
57300 39
57400 46
57500 37
57600 37
57700 36
57800 37
57900 36
58000 36
58100 37
58200 44
58300 36
58400 36
58500 36
58600 37
58700 37
58800 36
58900 48
59000 37
59100 38
59200 37
59300 37
59400 36
59500 37
59600 44
59700 36
59800 36
59900 37
60000 36
60100 36
60200 36
60300 43
60400 36
60500 36
60600 37
60700 37
60800 39
60900 39
61000 46
61100 40
61200 38
61300 40
61400 39
61500 37
61600 37
61700 44
61800 37
61900 38
62000 37
62100 37
62200 37
62300 37
62400 45
62500 37
62600 38
62700 37
62800 38
62900 38
63000 41
63100 48
63200 38
63300 38
63400 39
63500 38
63600 38
63700 37
63800 43
63900 37
64000 37
64100 37
64200 37
64300 36
64400 44
64500 37
64600 37
64700 37
64800 37
64900 37
65000 36
65100 47
65200 39
65300 37
65400 36
65500 37
65600 37
65700 38
65800 38
65900 37
66000 37
66100 37
66200 37
66300 39
66400 47
66500 40
66600 39
66700 39
66800 38
66900 38
67000 38
67100 39
67200 40
67300 39
67400 41
67500 45
67600 45
67700 46
67800 40
67900 39
68000 41
68100 42
68200 43
68300 49
68400 41
68500 40
68600 40
68700 40
68800 40
68900 47
69000 39
69100 40
69200 39
69300 41
69400 53
69500 45
69600 38
69700 39
69800 38
69900 38
70000 38
70100 38
70200 44
70300 38
70400 38
70500 38
70600 38
70700 38
70800 44
70900 38
71000 38
71100 39
71200 38
71300 37
71400 44
71500 37
71600 37
71700 37
71800 37
71900 37
72000 44
72100 37
72200 38
72300 38
72400 37
72500 39
72600 44
72700 37
72800 37
72900 37
73000 38
73100 39
73200 46
73300 38
73400 37
73500 37
73600 38
73700 39
73800 45
73900 39
74000 39
74100 39
74200 40
74300 45
74400 38
74500 38
74600 37
74700 37
74800 37
74900 44
75000 37
75100 37
75200 38
75300 38
75400 38
75500 44
75600 38
75700 38
75800 38
75900 38
76000 37
76100 44
76200 38
76300 37
76400 37
76500 38
76600 39
76700 38
76800 38
76900 38
77000 38
77100 38
77200 45
77300 38
77400 38
77500 38
77600 38
77700 40
77800 45
77900 39
78000 38
78100 39
78200 39
78300 45
78400 39
78500 39
78600 39
78700 39
78800 39
78900 45
79000 39
79100 39
79200 39
79300 40
79400 46
79500 38
79600 39
79700 39
79800 39
79900 40
80000 45
80100 43
80200 43
80300 39
80400 39
80500 46
80600 38
80700 38
80800 39
80900 39
81000 39
81100 45
81200 39
81300 39
81400 38
81500 39
81600 45
81700 38
81800 39
81900 39
82000 39
82100 52
82200 40
82300 40
82400 40
82500 41
82600 42
82700 47
82800 42
82900 41
83000 42
83100 41
83200 50
83300 42
83400 41
83500 41
83600 42
83700 50
83800 42
83900 42
84000 43
84100 43
84200 49
84300 43
84400 44
84500 44
84600 44
84700 49
84800 43
84900 43
85000 44
85100 45
85200 50
85300 46
85400 45
85500 45
85600 46
85700 52
85800 45
85900 46
86000 46
86100 46
86200 52
86300 47
86400 46
86500 47
86600 46
86700 54
86800 47
86900 48
87000 47
87100 49
87200 54
87300 47
87400 48
87500 48
87600 49
87700 48
87800 48
87900 48
88000 50
88100 56
88200 49
88300 49
88400 49
88500 50
88600 64
88700 53
88800 49
88900 51
89000 51
89100 56
89200 51
89300 51
89400 51
89500 58
89600 51
89700 51
89800 53
89900 52
90000 59
90100 52
90200 53
90300 53
90400 54
90500 59
90600 54
90700 55
90800 54
90900 61
91000 55
91100 55
91200 55
91300 56
91400 55
91500 55
91600 55
91700 56
91800 62
91900 61
92000 62
92100 62
92200 63
92300 70
92400 63
92500 63
92600 64
92700 71
92800 62
92900 63
93000 64
93100 64
93200 64
93300 64
93400 64
93500 65
93600 72
93700 66
93800 65
93900 65
94000 74
94100 67
94200 66
94300 66
94400 66
94500 66
94600 66
94700 65
94800 67
94900 80
95000 67
95100 67
95200 66
95300 77
95400 67
95500 68
95600 69
95700 77
95800 69
95900 69
96000 62
96100 69
96200 63
96300 63
96400 62
96500 70
96600 64
96700 64
96800 63
96900 63
97000 70
97100 64
97200 64
97300 64
97400 80
97500 66
97600 64
97700 65
97800 71
97900 66
98000 67
98100 65
98200 71
98300 65
98400 65
98500 65
98600 76
98700 73
98800 79
98900 76
99000 81
99100 73
99200 70
99300 65
99400 73
99500 66
99600 67
99700 73
99800 87
99900 74
100000 70
