500 0
600 0
700 0
800 0
900 0
1000 0
1100 0
1200 0
1300 0
1400 0
1500 0
1600 0
1700 0
1800 0
1900 0
2000 0
2100 0
2200 0
2300 0
2400 0
2500 0
2600 0
2700 0
2800 0
2900 0
3000 0
3100 0
3200 0
3300 0
3400 0
3500 0
3600 0
3700 0
3800 0
3900 0
4000 0
4100 0
4200 0
4300 0
4400 0
4500 0
4600 0
4700 0
4800 0
4900 0
5000 0
5100 0
5200 0
5300 0
5400 0
5500 0
5600 0
5700 0
5800 0
5900 0
6000 0
6100 0
6200 0
6300 0
6400 0
6500 1
6600 1
6700 1
6800 1
6900 1
7000 1
7100 1
7200 1
7300 1
7400 1
7500 1
7600 1
7700 1
7800 1
7900 1
8000 1
8100 1
8200 1
8300 1
8400 1
8500 1
8600 1
8700 1
8800 1
8900 1
9000 1
9100 1
9200 1
9300 1
9400 1
9500 1
9600 1
9700 1
9800 1
9900 1
10000 1
10100 2
10200 1
10300 1
10400 1
10500 1
10600 1
10700 1
10800 1
10900 1
11000 1
11100 1
11200 1
11300 1
11400 1
11500 1
11600 2
11700 2
11800 2
11900 1
12000 1
12100 1
12200 1
12300 2
12400 2
12500 2
12600 2
12700 2
12800 2
12900 2
13000 2
13100 2
13200 2
13300 3
13400 3
13500 2
13600 2
13700 2
13800 2
13900 2
14000 2
14100 2
14200 2
14300 2
14400 2
14500 3
14600 3
14700 3
14800 3
14900 3
15000 3
15100 3
15200 3
15300 3
15400 3
15500 2
15600 3
15700 3
15800 3
15900 3
16000 3
16100 3
16200 3
16300 3
16400 3
16500 3
16600 3
16700 3
16800 3
16900 3
17000 3
17100 3
17200 3
17300 3
17400 3
17500 3
17600 3
17700 3
17800 3
17900 3
18000 3
18100 3
18200 3
18300 3
18400 3
18500 3
18600 3
18700 3
18800 3
18900 3
19000 3
19100 3
19200 3
19300 3
19400 3
19500 4
19600 4
19700 3
19800 3
19900 4
20000 4
20100 4
20200 4
20300 4
20400 4
20500 4
20600 4
20700 4
20800 4
20900 4
21000 4
21100 4
21200 4
21300 4
21400 4
21500 4
21600 4
21700 4
21800 4
21900 4
22000 4
22100 4
22200 4
22300 4
22400 4
22500 4
22600 4
22700 5
22800 4
22900 4
23000 4
23100 4
23200 4
23300 4
23400 4
23500 4
23600 4
23700 5
23800 4
23900 4
24000 5
24100 4
24200 4
24300 5
24400 4
24500 4
24600 5
24700 5
24800 4
24900 5
25000 5
25100 4
25200 5
25300 5
25400 5
25500 5
25600 5
25700 5
25800 5
25900 6
26000 6
26100 6
26200 6
26300 6
26400 6
26500 6
26600 6
26700 6
26800 6
26900 6
27000 6
27100 6
27200 6
27300 6
27400 6
27500 6
27600 6
27700 6
27800 6
27900 6
28000 6
28100 6
28200 6
28300 6
28400 7
28500 6
28600 7
28700 6
28800 7
28900 6
29000 7
29100 6
29200 6
29300 6
29400 6
29500 7
29600 6
29700 7
29800 7
29900 7
30000 7
30100 7
30200 7
30300 7
30400 7
30500 7
30600 7
30700 7
30800 7
30900 7
31000 7
31100 7
31200 7
31300 7
31400 7
31500 7
31600 7
31700 7
31800 7
31900 7
32000 7
32100 7
32200 7
32300 7
32400 7
32500 7
32600 7
32700 7
32800 7
32900 7
33000 7
33100 7
33200 7
33300 7
33400 8
33500 7
33600 8
33700 7
33800 8
33900 7
34000 7
34100 7
34200 8
34300 7
34400 8
34500 7
34600 8
34700 7
34800 8
34900 8
35000 8
35100 8
35200 8
35300 8
35400 8
35500 8
35600 8
35700 8
35800 11
35900 7
36000 7
36100 7
36200 8
36300 7
36400 8
36500 8
36600 8
36700 8
36800 8
36900 8
37000 8
37100 8
37200 8
37300 8
37400 8
37500 12
37600 7
37700 7
37800 8
37900 8
38000 8
38100 8
38200 9
38300 8
38400 9
38500 9
38600 8
38700 9
38800 8
38900 9
39000 9
39100 11
39200 8
39300 8
39400 8
39500 8
39600 8
39700 8
39800 8
39900 8
40000 8
40100 8
40200 8
40300 8
40400 8
40500 8
40600 9
40700 8
40800 8
40900 9
41000 8
41100 9
41200 8
41300 8
41400 9
41500 8
41600 9
41700 8
41800 9
41900 8
42000 8
42100 9
42200 11
42300 8
42400 9
42500 9
42600 9
42700 9
42800 9
42900 9
43000 9
43100 9
43200 9
43300 9
43400 9
43500 9
43600 14
43700 9
43800 9
43900 9
44000 10
44100 10
44200 10
44300 10
44400 10
44500 10
44600 10
44700 10
44800 10
44900 10
45000 12
45100 10
45200 10
45300 10
45400 9
45500 10
45600 10
45700 10
45800 12
45900 11
46000 19
46100 10
46200 14
46300 18
46400 13
46500 11
46600 10
46700 10
46800 10
46900 10
47000 10
47100 10
47200 10
47300 10
47400 10
47500 11
47600 10
47700 14
47800 10
47900 11
48000 10
48100 11
48200 10
48300 10
48400 10
48500 10
48600 11
48700 10
48800 11
48900 11
49000 15
49100 10
49200 10
49300 11
49400 10
49500 10
49600 10
49700 10
49800 10
49900 10
50000 10
50100 10
50200 10
50300 10
50400 10
50500 11
50600 10
50700 10
50800 11
50900 11
51000 10
51100 11
51200 10
51300 11
51400 11
51500 14
51600 11
51700 12
51800 13
51900 13
52000 13
52100 13
52200 14
52300 14
52400 14
52500 14
52600 17
52700 13
52800 14
52900 14
53000 14
53100 14
53200 14
53300 14
53400 14
53500 14
53600 14
53700 17
53800 13
53900 14
54000 14
54100 14
54200 14
54300 14
54400 14
54500 14
54600 14
54700 14
54800 18
54900 15
55000 15
55100 15
55200 15
55300 14
55400 14
55500 15
55600 15
55700 15
55800 17
55900 14
56000 15
56100 14
56200 14
56300 14
56400 14
56500 14
56600 14
56700 14
56800 16
56900 14
57000 14
57100 14
57200 14
57300 14
57400 14
57500 14
57600 14
57700 14
57800 16
57900 14
58000 14
58100 14
58200 14
58300 14
58400 14
58500 14
58600 14
58700 15
58800 16
58900 14
59000 15
59100 15
59200 15
59300 15
59400 15
59500 15
59600 15
59700 17
59800 14
59900 15
60000 15
60100 15
60200 15
60300 15
60400 15
60500 15
60600 15
60700 17
60800 15
60900 15
61000 15
61100 15
61200 15
61300 15
61400 15
61500 15
61600 19
61700 14
61800 14
61900 15
62000 15
62100 14
62200 14
62300 14
62400 14
62500 17
62600 14
62700 15
62800 15
62900 15
63000 15
63100 15
63200 15
63300 15
63400 18
63500 15
63600 15
63700 14
63800 14
63900 14
64000 15
64100 14
64200 15
64300 18
64400 15
64500 15
64600 14
64700 14
64800 14
64900 15
65000 14
65100 15
65200 27
65300 14
65400 14
65500 15
65600 14
65700 15
65800 15
65900 15
66000 14
66100 14
66200 14
66300 14
66400 15
66500 15
66600 15
66700 15
66800 15
66900 18
67000 15
67100 15
67200 15
67300 15
67400 15
67500 15
67600 15
67700 15
67800 19
67900 15
68000 15
68100 16
68200 15
68300 15
68400 15
68500 15
68600 18
68700 15
68800 16
68900 16
69000 16
69100 16
69200 16
69300 16
69400 16
69500 20
69600 17
69700 16
69800 16
69900 16
70000 16
70100 16
70200 16
70300 20
70400 17
70500 17
70600 18
70700 17
70800 17
70900 18
71000 17
71100 21
71200 16
71300 16
71400 17
71500 17
71600 17
71700 17
71800 17
71900 20
72000 16
72100 16
72200 16
72300 16
72400 16
72500 16
72600 16
72700 19
72800 16
72900 16
73000 16
73100 16
73200 16
73300 17
73400 16
73500 19
73600 16
73700 16
73800 16
73900 16
74000 16
74100 16
74200 21
74300 16
74400 16
74500 16
74600 16
74700 16
74800 16
74900 16
75000 20
75100 15
75200 15
75300 16
75400 16
75500 16
75600 16
75700 16
75800 19
75900 16
76000 16
76100 16
76200 26
76300 32
76400 23
76500 25
76600 21
76700 19
76800 19
76900 19
77000 18
77100 19
77200 20
77300 23
77400 19
77500 19
77600 18
77700 19
77800 19
77900 19
78000 22
78100 18
78200 18
78300 18
78400 18
78500 18
78600 18
78700 22
78800 18
78900 19
79000 19
79100 19
79200 20
79300 20
79400 19
79500 19
79600 19
79700 20
79800 19
79900 20
80000 20
80100 19
80200 23
80300 19
80400 18
80500 18
80600 18
80700 18
80800 18
80900 21
81000 17
81100 18
81200 18
81300 18
81400 18
81500 18
81600 22
81700 18
81800 18
81900 18
82000 19
82100 19
82200 19
82300 24
82400 19
82500 20
82600 20
82700 20
82800 20
82900 20
83000 24
83100 22
83200 20
83300 21
83400 20
83500 20
83600 20
83700 23
83800 19
83900 21
84000 20
84100 20
84200 20
84300 20
84400 24
84500 20
84600 20
84700 21
84800 20
84900 20
85000 20
85100 23
85200 19
85300 18
85400 19
85500 19
85600 18
85700 21
85800 18
85900 19
86000 19
86100 19
86200 18
86300 19
86400 24
86500 22
86600 23
86700 23
86800 22
86900 23
87000 23
87100 23
87200 24
87300 24
87400 24
87500 23
87600 26
87700 27
87800 22
87900 20
88000 19
88100 18
88200 19
88300 18
88400 21
88500 18
88600 19
88700 19
88800 22
88900 20
89000 21
89100 18
89200 18
89300 20
89400 18
89500 19
89600 19
89700 20
89800 20
89900 21
90000 28
90100 25
90200 22
90300 23
90400 20
90500 20
90600 20
90700 21
90800 20
90900 22
91000 18
91100 18
91200 18
91300 18
91400 18
91500 23
91600 18
91700 18
91800 18
91900 19
92000 19
92100 19
92200 19
92300 19
92400 19
92500 18
92600 18
92700 18
92800 22
92900 18
93000 18
93100 18
93200 19
93300 19
93400 22
93500 19
93600 19
93700 19
93800 19
93900 19
94000 22
94100 19
94200 19
94300 19
94400 19
94500 19
94600 22
94700 19
94800 19
94900 19
95000 19
95100 19
95200 23
95300 19
95400 19
95500 19
95600 19
95700 20
95800 23
95900 19
96000 19
96100 19
96200 19
96300 20
96400 22
96500 19
96600 19
96700 20
96800 20
96900 20
97000 22
97100 19
97200 19
97300 19
97400 20
97500 20
97600 22
97700 20
97800 20
97900 20
98000 20
98100 23
98200 26
98300 21
98400 21
98500 21
98600 21
98700 23
98800 21
98900 20
99000 20
99100 20
99200 20
99300 23
99400 20
99500 20
99600 20
99700 21
99800 21
99900 23
100000 21
