500 0
600 0
700 0
800 0
900 0
1000 0
1100 0
1200 0
1300 0
1400 0
1500 0
1600 0
1700 0
1800 0
1900 0
2000 0
2100 0
2200 0
2300 0
2400 0
2500 0
2600 0
2700 1
2800 1
2900 1
3000 0
3100 0
3200 1
3300 1
3400 1
3500 1
3600 1
3700 1
3800 1
3900 1
4000 1
4100 1
4200 1
4300 1
4400 1
4500 1
4600 1
4700 1
4800 1
4900 1
5000 1
5100 1
5200 1
5300 1
5400 1
5500 1
5600 2
5700 2
5800 1
5900 1
6000 2
6100 1
6200 1
6300 2
6400 2
6500 2
6600 2
6700 2
6800 2
6900 2
7000 2
7100 2
7200 2
7300 2
7400 2
7500 2
7600 2
7700 2
7800 2
7900 2
8000 2
8100 2
8200 2
8300 2
8400 2
8500 2
8600 2
8700 2
8800 2
8900 2
9000 2
9100 2
9200 2
9300 2
9400 2
9500 2
9600 2
9700 2
9800 2
9900 2
10000 3
10100 3
10200 3
10300 3
10400 3
10500 3
10600 3
10700 4
10800 4
10900 4
11000 8
11100 5
11200 6
11300 8
11400 6
11500 5
11600 4
11700 8
11800 5
11900 4
12000 4
12100 4
12200 4
12300 4
12400 4
12500 4
12600 5
12700 4
12800 4
12900 5
13000 4
13100 4
13200 5
13300 4
13400 4
13500 5
13600 4
13700 5
13800 5
13900 4
14000 4
14100 5
14200 5
14300 4
14400 5
14500 5
14600 5
14700 5
14800 5
14900 5
15000 5
15100 5
15200 5
15300 5
15400 5
15500 5
15600 5
15700 5
15800 5
15900 5
16000 5
16100 5
16200 5
16300 5
16400 5
16500 5
16600 5
16700 5
16800 5
16900 5
17000 5
17100 5
17200 5
17300 5
17400 5
17500 5
17600 5
17700 5
17800 5
17900 5
18000 6
18100 5
18200 5
18300 5
18400 5
18500 6
18600 5
18700 6
18800 5
18900 5
19000 6
19100 5
19200 6
19300 6
19400 6
19500 6
19600 6
19700 6
19800 6
19900 6
20000 6
20100 6
20200 6
20300 6
20400 6
20500 6
20600 6
20700 6
20800 6
20900 7
21000 7
21100 7
21200 7
21300 8
21400 8
21500 8
21600 8
21700 8
21800 8
21900 8
22000 8
22100 8
22200 9
22300 9
22400 9
22500 9
22600 9
22700 9
22800 9
22900 9
23000 9
23100 9
23200 9
23300 9
23400 9
23500 9
23600 9
23700 9
23800 9
23900 9
24000 9
24100 9
24200 9
24300 9
24400 9
24500 9
24600 9
24700 9
24800 9
24900 9
25000 9
25100 10
25200 10
25300 10
25400 10
25500 12
25600 15
25700 15
25800 15
25900 15
26000 15
26100 15
26200 15
26300 15
26400 15
26500 15
26600 15
26700 15
26800 15
26900 15
27000 15
27100 16
27200 16
27300 16
27400 16
27500 16
27600 16
27700 16
27800 16
27900 16
28000 16
28100 16
28200 17
28300 16
28400 16
28500 16
28600 17
28700 17
28800 16
28900 17
29000 17
29100 17
29200 16
29300 16
29400 17
29500 16
29600 16
29700 16
29800 16
29900 16
30000 16
30100 16
30200 17
30300 17
30400 17
30500 17
30600 17
30700 17
30800 17
30900 17
31000 17
31100 12
31200 11
31300 11
31400 11
31500 11
31600 11
31700 11
31800 11
31900 11
32000 11
32100 11
32200 11
32300 11
32400 11
32500 11
32600 11
32700 11
32800 11
32900 11
33000 11
33100 12
33200 12
33300 11
33400 11
33500 12
33600 12
33700 17
33800 12
33900 12
34000 12
34100 12
34200 12
34300 12
34400 12
34500 12
34600 12
34700 12
34800 12
34900 12
35000 12
35100 12
35200 16
35300 11
35400 12
35500 12
35600 12
35700 12
35800 12
35900 12
36000 12
36100 12
36200 12
36300 12
36400 12
36500 12
36600 16
36700 12
36800 12
36900 12
37000 12
37100 12
37200 12
37300 12
37400 12
37500 13
37600 13
37700 13
37800 13
37900 18
38000 13
38100 13
38200 13
38300 13
38400 13
38500 13
38600 13
38700 13
38800 13
38900 13
39000 14
39100 13
39200 14
39300 18
39400 13
39500 13
39600 13
39700 13
39800 13
39900 14
40000 13
40100 13
40200 13
40300 13
40400 14
40500 13
40600 13
40700 13
40800 13
40900 13
41000 13
41100 14
41200 14
41300 14
41400 14
41500 14
41600 14
41700 15
41800 19
41900 15
42000 15
42100 15
42200 15
42300 16
42400 16
42500 16
42600 17
42700 17
42800 16
42900 17
43000 17
43100 18
43200 17
43300 18
43400 18
43500 18
43600 19
43700 18
43800 19
43900 19
44000 20
44100 24
44200 20
44300 19
44400 20
44500 20
44600 20
44700 20
44800 21
44900 21
45000 21
45100 25
45200 20
45300 21
45400 20
45500 20
45600 20
45700 20
45800 21
45900 21
46000 21
46100 26
46200 20
46300 20
46400 20
46500 21
46600 20
46700 20
46800 21
46900 21
47000 23
47100 27
47200 21
47300 21
47400 21
47500 21
47600 22
47700 22
47800 21
47900 22
48000 22
48100 29
48200 21
48300 21
48400 21
48500 29
48600 34
48700 33
48800 33
48900 33
49000 33
49100 47
49200 33
49300 34
49400 33
49500 33
49600 33
49700 33
49800 34
49900 34
50000 40
50100 33
50200 34
50300 34
50400 34
50500 33
50600 34
50700 34
50800 34
50900 34
51000 34
51100 35
51200 35
51300 35
51400 35
51500 35
51600 35
51700 35
51800 35
51900 30
52000 21
52100 22
52200 25
52300 22
52400 22
52500 22
52600 22
52700 22
52800 27
52900 22
53000 22
53100 22
53200 22
53300 22
53400 23
53500 23
53600 28
53700 22
53800 23
53900 23
54000 23
54100 22
54200 23
54300 22
54400 23
54500 28
54600 23
54700 23
54800 23
54900 23
55000 23
55100 23
55200 23
55300 23
55400 27
55500 23
55600 22
55700 23
55800 22
55900 23
56000 23
56100 22
56200 27
56300 22
56400 22
56500 22
56600 22
56700 22
56800 23
56900 22
57000 27
57100 22
57200 22
57300 22
57400 23
57500 22
57600 22
57700 22
57800 27
57900 22
58000 22
58100 23
58200 22
58300 23
58400 23
58500 23
58600 23
58700 28
58800 22
58900 22
59000 22
59100 22
59200 23
59300 23
59400 23
59500 22
59600 22
59700 24
59800 23
59900 22
60000 23
60100 22
60200 23
60300 23
60400 22
60500 23
60600 23
60700 24
60800 22
60900 23
61000 28
61100 22
61200 23
61300 22
61400 23
61500 22
61600 22
61700 22
61800 28
61900 22
62000 22
62100 23
62200 23
62300 23
62400 23
62500 23
62600 28
62700 22
62800 23
62900 23
63000 23
63100 23
63200 23
63300 28
63400 23
63500 23
63600 23
63700 23
63800 23
63900 23
64000 23
64100 28
64200 23
64300 24
64400 23
64500 23
64600 23
64700 23
64800 28
64900 22
65000 23
65100 23
65200 23
65300 23
65400 23
65500 28
65600 23
65700 23
65800 23
65900 23
66000 23
66100 24
66200 28
66300 24
66400 24
66500 24
66600 24
66700 24
66800 24
66900 28
67000 24
67100 24
67200 24
67300 24
67400 24
67500 24
67600 24
67700 25
67800 25
67900 25
68000 24
68100 25
68200 25
68300 24
68400 24
68500 24
68600 25
68700 24
68800 24
68900 25
69000 31
69100 26
69200 29
69300 26
69400 25
69500 25
69600 25
69700 29
69800 25
69900 25
70000 25
70100 25
70200 25
70300 25
70400 29
70500 25
70600 25
70700 25
70800 25
70900 25
71000 25
71100 31
71200 25
71300 25
71400 25
71500 25
71600 25
71700 25
71800 31
71900 25
72000 25
72100 25
72200 25
72300 25
72400 29
72500 25
72600 25
72700 25
72800 25
72900 25
73000 25
73100 25
73200 24
73300 25
73400 25
73500 25
73600 25
73700 30
73800 25
73900 24
74000 25
74100 25
74200 25
74300 25
74400 25
74500 25
74600 25
74700 25
74800 25
74900 25
75000 30
75100 25
75200 25
75300 25
75400 25
75500 25
75600 31
75700 25
75800 25
75900 25
76000 25
76100 25
76200 30
76300 25
76400 25
76500 25
76600 26
76700 26
76800 26
76900 25
77000 26
77100 26
77200 26
77300 26
77400 26
77500 31
77600 26
77700 26
77800 26
77900 26
78000 26
78100 31
78200 26
78300 26
78400 26
78500 26
78600 26
78700 31
78800 26
78900 26
79000 26
79100 26
79200 26
79300 30
79400 26
79500 26
79600 26
79700 26
79800 26
79900 30
80000 26
80100 26
80200 26
80300 26
80400 26
80500 31
80600 26
80700 26
80800 26
80900 26
81000 26
81100 30
81200 27
81300 26
81400 26
81500 26
81600 26
81700 30
81800 26
81900 26
82000 27
82100 28
82200 27
82300 32
82400 28
82500 28
82600 28
82700 28
82800 33
82900 29
83000 29
83100 29
83200 29
83300 29
83400 34
83500 29
83600 30
83700 30
83800 30
83900 31
84000 35
84100 31
84200 31
84300 32
84400 32
84500 35
84600 32
84700 32
84800 32
84900 32
85000 33
85100 36
85200 32
85300 33
85400 33
85500 33
85600 37
85700 33
85800 33
85900 34
86000 34
86100 38
86200 34
86300 34
86400 34
86500 34
86600 34
86700 39
86800 35
86900 36
87000 35
87100 35
87200 41
87300 35
87400 36
87500 36
87600 36
87700 41
87800 37
87900 36
88000 38
88100 37
88200 42
88300 37
88400 37
88500 37
88600 38
88700 44
88800 38
88900 38
89000 38
89100 38
89200 45
89300 38
89400 38
89500 38
89600 39
89700 43
89800 38
89900 38
90000 39
90100 39
90200 44
90300 39
90400 39
90500 39
90600 39
90700 44
90800 39
90900 38
91000 39
91100 39
91200 44
91300 39
91400 39
91500 39
91600 44
91700 39
91800 39
91900 40
92000 39
92100 44
92200 40
92300 39
92400 39
92500 40
92600 45
92700 40
92800 40
92900 40
93000 39
93100 45
93200 40
93300 40
93400 40
93500 45
93600 40
93700 41
93800 43
93900 41
94000 48
94100 41
94200 41
94300 41
94400 41
94500 46
94600 40
94700 42
94800 41
94900 46
95000 40
95100 41
95200 40
95300 40
95400 46
95500 43
95600 41
95700 41
95800 46
95900 40
96000 41
96100 40
96200 41
96300 48
96400 40
96500 40
96600 41
96700 46
96800 40
96900 50
97000 45
97100 40
97200 45
97300 41
97400 41
97500 40
97600 40
97700 40
97800 40
97900 40
98000 40
98100 45
98200 40
98300 41
98400 41
98500 41
98600 46
98700 40
98800 40
98900 41
99000 46
99100 41
99200 40
99300 41
99400 43
99500 48
99600 41
99700 41
99800 41
99900 46
100000 43
