500 0
600 1
700 1
800 2
900 2
1000 3
1100 4
1200 5
1300 6
1400 6
1500 7
1600 4
1700 5
1800 5
1900 6
2000 7
2100 8
2200 8
2300 9
2400 10
2500 11
2600 11
2700 12
2800 13
2900 14
3000 15
3100 8
3200 8
3300 9
3400 9
3500 10
3600 11
3700 11
3800 12
3900 12
4000 13
4100 14
4200 15
4300 15
4400 16
4500 17
4600 18
4700 19
4800 20
4900 21
5000 21
5100 22
5200 23
5300 25
5400 26
5500 26
5600 27
5700 28
5800 29
5900 30
6000 50
6100 19
6200 23
6300 17
6400 18
6500 18
6600 18
6700 19
6800 20
6900 20
7000 21
7100 21
7200 22
7300 22
7400 24
7500 24
7600 24
7700 25
7800 26
7900 26
8000 27
8100 28
8200 29
8300 29
8400 30
8500 30
8600 32
8700 32
8800 33
8900 34
9000 34
9100 35
9200 36
9300 37
9400 37
9500 38
9600 39
9700 39
9800 41
9900 42
10000 42
10100 44
10200 45
10300 51
10400 53
10500 55
10600 56
10700 55
10800 55
10900 56
11000 59
11100 60
11200 60
11300 59
11400 57
11500 59
11600 59
11700 61
11800 94
11900 63
12000 62
12100 31
12200 32
12300 32
12400 33
12500 33
12600 33
12700 34
12800 34
12900 35
13000 36
13100 37
13200 38
13300 38
13400 39
13500 40
13600 40
13700 41
13800 42
13900 42
14000 43
14100 44
14200 48
14300 45
14400 46
14500 46
14600 47
14700 47
14800 48
14900 49
15000 55
15100 51
15200 51
15300 53
15400 53
15500 53
15600 54
15700 56
15800 56
15900 59
16000 60
16100 62
16200 63
16300 64
16400 64
16500 60
16600 61
16700 99
16800 101
16900 102
17000 104
17100 103
17200 105
17300 104
17400 75
17500 74
17600 73
17700 73
17800 71
17900 68
18000 69
18100 71
18200 71
18300 72
18400 72
18500 73
18600 74
18700 75
18800 75
18900 77
19000 78
19100 79
19200 79
19300 86
19400 82
19500 83
19600 82
19700 83
19800 84
19900 86
20000 87
20100 89
20200 89
20300 92
20400 93
20500 91
20600 91
20700 94
20800 95
20900 95
21000 101
21100 97
21200 98
21300 100
21400 98
21500 101
21600 102
21700 102
21800 103
21900 104
22000 107
22100 129
22200 109
22300 108
22400 111
22500 116
22600 116
22700 119
22800 120
22900 121
23000 123
23100 124
23200 122
23300 124
23400 125
23500 127
23600 126
23700 129
23800 132
23900 131
24000 141
24100 71
24200 67
24300 68
24400 68
24500 69
24600 70
24700 69
24800 72
24900 74
25000 75
25100 75
25200 72
25300 73
25400 73
25500 74
25600 75
25700 76
25800 77
25900 87
26000 76
26100 75
26200 78
26300 79
26400 81
26500 83
26600 84
26700 86
26800 87
26900 87
27000 86
27100 88
27200 82
27300 82
27400 81
27500 82
27600 82
27700 83
27800 83
27900 85
28000 103
28100 90
28200 87
28300 86
28400 88
28500 87
28600 89
28700 90
28800 94
28900 91
29000 92
29100 93
29200 93
29300 94
29400 94
29500 94
29600 96
29700 97
29800 97
29900 98
30000 108
30100 119
30200 121
30300 118
30400 108
30500 106
30600 106
30700 108
30800 109
30900 112
31000 112
31100 114
31200 112
31300 113
31400 112
31500 121
31600 137
31700 126
31800 129
31900 133
32000 130
32100 131
32200 127
32300 119
32400 120
32500 123
32600 125
32700 122
32800 123
32900 131
33000 125
33100 123
33200 125
33300 129
33400 124
33500 126
33600 126
33700 127
33800 127
33900 128
34000 131
34100 131
34200 131
34300 132
34400 134
34500 135
34600 135
34700 138
34800 137
34900 137
35000 135
35100 137
35200 140
35300 145
35400 142
35500 149
35600 163
35700 155
35800 142
35900 145
36000 150
36100 152
36200 151
36300 147
36400 148
36500 149
36600 167
36700 169
36800 155
36900 162
37000 171
37100 158
37200 156
37300 157
37400 158
37500 166
37600 160
37700 160
37800 157
37900 158
38000 157
38100 158
38200 161
38300 164
38400 164
38500 167
38600 168
38700 166
38800 170
38900 169
39000 170
39100 173
39200 173
39300 185
39400 186
39500 189
39600 193
39700 193
39800 194
39900 175
40000 178
40100 181
40200 194
40300 197
40400 199
40500 183
40600 182
40700 179
40800 182
40900 187
41000 188
41100 187
41200 189
41300 193
41400 203
41500 211
41600 210
41700 209
41800 208
41900 214
42000 216
42100 206
42200 199
42300 200
42400 201
42500 204
42600 203
42700 204
42800 206
42900 207
43000 207
43100 208
43200 208
43300 210
43400 210
43500 213
43600 212
43700 214
43800 213
43900 215
44000 216
44100 218
44200 218
44300 216
44400 218
44500 219
44600 222
44700 228
44800 224
44900 224
45000 225
45100 224
45200 226
45300 226
45400 227
45500 225
45600 228
45700 232
45800 235
45900 234
46000 236
46100 239
46200 239
46300 239
46400 239
46500 241
46600 241
46700 242
46800 243
46900 244
47000 245
47100 247
47200 244
47300 243
47400 244
47500 249
47600 249
47700 248
47800 248
47900 252
48000 271
48100 139
48200 138
48300 133
48400 133
48500 130
48600 129
48700 130
48800 130
48900 139
49000 132
49100 133
49200 137
49300 137
49400 137
49500 138
49600 138
49700 139
49800 140
49900 140
50000 141
50100 141
50200 142
50300 151
50400 153
50500 151
50600 155
50700 158
50800 154
50900 144
51000 145
51100 146
51200 149
51300 147
51400 149
51500 150
51600 150
51700 150
51800 151
51900 152
52000 162
52100 152
52200 160
52300 167
52400 166
52500 165
52600 162
52700 166
52800 159
52900 156
53000 159
53100 158
53200 159
53300 163
53400 160
53500 160
53600 161
53700 162
53800 164
53900 165
54000 169
54100 167
54200 184
54300 167
54400 169
54500 170
54600 170
54700 172
54800 168
54900 182
55000 183
55100 174
55200 167
55300 170
55400 168
55500 172
55600 173
55700 173
55800 175
55900 174
56000 176
56100 174
56200 177
56300 179
56400 182
56500 175
56600 184
56700 193
56800 197
56900 197
57000 197
57100 185
57200 181
57300 182
57400 183
57500 185
57600 184
57700 197
57800 201
57900 200
58000 200
58100 199
58200 199
58300 205
58400 206
58500 206
58600 191
58700 192
58800 193
58900 193
59000 195
59100 206
59200 205
59300 196
59400 210
59500 208
59600 195
59700 196
59800 195
59900 197
60000 199
60100 198
60200 199
60300 201
60400 203
60500 204
60600 206
60700 219
60800 204
60900 216
61000 209
61100 205
61200 204
61300 210
61400 211
61500 210
61600 208
61700 211
61800 214
61900 210
62000 210
62100 212
62200 214
62300 212
62400 213
62500 215
62600 216
62700 221
62800 217
62900 220
63000 219
63100 218
63200 220
63300 222
63400 236
63500 236
63600 229
63700 226
63800 228
63900 229
64000 230
64100 228
64200 235
64300 245
64400 241
64500 227
64600 226
64700 227
64800 227
64900 229
65000 233
65100 232
65200 237
65300 238
65400 239
65500 239
65600 243
65700 239
65800 248
65900 247
66000 242
66100 245
66200 246
66300 247
66400 250
66500 250
66600 250
66700 251
66800 251
66900 250
67000 259
67100 246
67200 250
67300 254
67400 264
67500 251
67600 253
67700 272
67800 276
67900 272
68000 262
68100 261
68200 261
68300 269
68400 263
68500 264
68600 261
68700 283
68800 277
68900 262
69000 264
69100 265
69200 264
69300 269
69400 291
69500 291
69600 291
69700 293
69800 273
69900 272
70000 273
70100 275
70200 301
70300 294
70400 287
70500 271
70600 273
70700 276
70800 281
70900 299
71000 299
71100 299
71200 287
71300 282
71400 282
71500 281
71600 286
71700 294
71800 289
71900 297
72000 290
72100 291
72200 291
72300 290
72400 294
72500 291
72600 292
72700 287
72800 289
72900 289
73000 291
73100 293
73200 292
73300 297
73400 324
73500 346
73600 312
73700 323
73800 415
73900 332
74000 300
74100 315
74200 365
74300 357
74400 308
74500 325
74600 311
74700 314
74800 332
74900 335
75000 320
75100 322
75200 320
75300 324
75400 320
75500 324
75600 316
75700 322
75800 341
75900 315
76000 334
76100 362
76200 346
76300 330
76400 343
76500 354
76600 367
76700 342
76800 331
76900 326
77000 323
77100 343
77200 327
77300 332
77400 364
77500 343
77600 344
77700 339
77800 341
77900 360
78000 348
78100 340
78200 341
78300 342
78400 370
78500 448
78600 406
78700 392
78800 351
78900 374
79000 368
79100 360
79200 368
79300 360
79400 352
79500 355
79600 353
79700 357
79800 359
79900 370
80000 389
80100 391
80200 381
80300 417
80400 371
80500 377
80600 375
80700 375
80800 424
80900 407
81000 403
81100 382
81200 378
81300 378
81400 406
81500 407
81600 408
81700 407
81800 396
81900 482
82000 390
82100 375
82200 372
82300 380
82400 443
82500 379
82600 403
82700 421
82800 416
82900 394
83000 412
83100 411
83200 455
83300 429
83400 413
83500 448
83600 493
83700 522
83800 457
83900 429
84000 415
84100 395
84200 405
84300 398
84400 402
84500 404
84600 409
84700 409
84800 408
84900 409
85000 409
85100 490
85200 515
85300 488
85400 425
85500 476
85600 417
85700 405
85800 461
85900 461
86000 523
86100 456
86200 517
86300 429
86400 426
86500 429
86600 429
86700 433
86800 426
86900 426
87000 482
87100 436
87200 443
87300 569
87400 412
87500 420
87600 756
87700 615
87800 464
87900 449
88000 438
88100 437
88200 460
88300 443
88400 440
88500 441
88600 519
88700 483
88800 490
88900 454
89000 450
89100 457
89200 443
89300 504
89400 447
89500 433
89600 442
89700 468
89800 439
89900 530
90000 446
90100 585
90200 469
90300 459
90400 462
90500 468
90600 466
90700 482
90800 554
90900 481
91000 500
91100 497
91200 611
91300 529
91400 494
91500 479
91600 472
91700 473
91800 506
91900 510
92000 493
92100 499
92200 464
92300 497
92400 488
92500 487
92600 486
92700 487
92800 494
92900 498
93000 543
93100 509
93200 503
93300 500
93400 479
93500 530
93600 515
93700 506
93800 493
93900 499
94000 509
94100 520
94200 555
94300 549
94400 567
94500 511
94600 529
94700 544
94800 589
94900 522
95000 509
95100 502
95200 502
95300 515
95400 573
95500 565
95600 564
95700 557
95800 505
95900 511
96000 548
96100 276
96200 267
96300 297
96400 309
96500 282
96600 291
96700 280
96800 290
96900 287
97000 260
97100 259
97200 288
97300 304
97400 314
97500 272
97600 278
97700 281
97800 294
97900 292
98000 281
98100 276
98200 272
98300 268
98400 274
98500 286
98600 283
98700 301
98800 295
98900 294
99000 306
99100 281
99200 278
99300 278
99400 277
99500 304
99600 295
99700 290
99800 283
99900 285
100000 302
