500 0
600 0
700 0
800 0
900 0
1000 0
1100 0
1200 0
1300 0
1400 0
1500 0
1600 0
1700 0
1800 0
1900 0
2000 0
2100 0
2200 0
2300 0
2400 0
2500 0
2600 0
2700 0
2800 0
2900 0
3000 0
3100 0
3200 0
3300 0
3400 0
3500 0
3600 0
3700 0
3800 0
3900 0
4000 0
4100 0
4200 0
4300 0
4400 0
4500 0
4600 1
4700 1
4800 0
4900 1
5000 1
5100 1
5200 1
5300 1
5400 1
5500 1
5600 1
5700 1
5800 1
5900 1
6000 1
6100 1
6200 1
6300 1
6400 1
6500 1
6600 1
6700 1
6800 1
6900 1
7000 2
7100 1
7200 1
7300 1
7400 1
7500 1
7600 1
7700 1
7800 2
7900 2
8000 2
8100 1
8200 1
8300 1
8400 1
8500 2
8600 2
8700 2
8800 2
8900 2
9000 2
9100 2
9200 2
9300 2
9400 2
9500 2
9600 2
9700 2
9800 2
9900 2
10000 2
10100 2
10200 3
10300 3
10400 2
10500 3
10600 3
10700 3
10800 4
10900 3
11000 4
11100 6
11200 6
11300 6
11400 4
11500 4
11600 5
11700 5
11800 3
11900 3
12000 4
12100 7
12200 4
12300 4
12400 3
12500 3
12600 3
12700 3
12800 3
12900 3
13000 3
13100 3
13200 3
13300 3
13400 3
13500 3
13600 3
13700 3
13800 3
13900 3
14000 3
14100 3
14200 4
14300 3
14400 3
14500 3
14600 4
14700 3
14800 3
14900 3
15000 4
15100 4
15200 4
15300 4
15400 4
15500 4
15600 4
15700 4
15800 4
15900 4
16000 4
16100 4
16200 4
16300 3
16400 4
16500 4
16600 4
16700 4
16800 4
16900 4
17000 4
17100 4
17200 4
17300 4
17400 4
17500 4
17600 4
17700 4
17800 4
17900 4
18000 4
18100 4
18200 4
18300 4
18400 4
18500 4
18600 4
18700 4
18800 4
18900 4
19000 4
19100 5
19200 4
19300 4
19400 5
19500 4
19600 5
19700 5
19800 4
19900 4
20000 5
20100 4
20200 4
20300 5
20400 5
20500 5
20600 5
20700 5
20800 6
20900 6
21000 5
21100 6
21200 6
21300 6
21400 6
21500 6
21600 6
21700 6
21800 6
21900 6
22000 6
22100 6
22200 7
22300 7
22400 7
22500 7
22600 8
22700 7
22800 7
22900 7
23000 7
23100 7
23200 7
23300 6
23400 7
23500 6
23600 6
23700 6
23800 6
23900 7
24000 6
24100 7
24200 6
24300 7
24400 6
24500 7
24600 7
24700 7
24800 7
24900 7
25000 7
25100 8
25200 7
25300 8
25400 8
25500 8
25600 7
25700 8
25800 7
25900 7
26000 7
26100 7
26200 8
26300 7
26400 8
26500 7
26600 8
26700 7
26800 7
26900 7
27000 8
27100 7
27200 7
27300 7
27400 8
27500 7
27600 8
27700 8
27800 7
27900 8
28000 8
28100 8
28200 8
28300 8
28400 8
28500 8
28600 8
28700 8
28800 8
28900 9
29000 9
29100 8
29200 9
29300 9
29400 8
29500 9
29600 8
29700 9
29800 9
29900 8
30000 9
30100 9
30200 8
30300 8
30400 9
30500 9
30600 9
30700 8
30800 8
30900 9
31000 9
31100 9
31200 9
31300 9
31400 9
31500 9
31600 9
31700 8
31800 9
31900 9
32000 9
32100 9
32200 9
32300 9
32400 9
32500 9
32600 9
32700 9
32800 9
32900 10
33000 10
33100 10
33200 11
33300 10
33400 10
33500 10
33600 10
33700 15
33800 9
33900 9
34000 9
34100 9
34200 10
34300 10
34400 10
34500 10
34600 10
34700 10
34800 10
34900 10
35000 13
35100 13
35200 13
35300 20
35400 17
35500 13
35600 12
35700 11
35800 11
35900 11
36000 11
36100 12
36200 12
36300 11
36400 11
36500 11
36600 11
36700 11
36800 11
36900 14
37000 11
37100 10
37200 10
37300 10
37400 10
37500 10
37600 10
37700 10
37800 10
37900 10
38000 10
38100 10
38200 10
38300 10
38400 14
38500 10
38600 10
38700 10
38800 11
38900 11
39000 11
39100 11
39200 11
39300 11
39400 11
39500 11
39600 11
39700 11
39800 14
39900 11
40000 11
40100 11
40200 11
40300 11
40400 11
40500 11
40600 11
40700 11
40800 11
40900 11
41000 11
41100 11
41200 16
41300 12
41400 12
41500 13
41600 14
41700 19
41800 19
41900 14
42000 12
42100 13
42200 13
42300 13
42400 13
42500 18
42600 14
42700 14
42800 14
42900 14
43000 14
43100 14
43200 14
43300 14
43400 14
43500 14
43600 14
43700 18
43800 15
43900 15
44000 15
44100 15
44200 15
44300 14
44400 15
44500 15
44600 15
44700 15
44800 20
44900 16
45000 15
45100 15
45200 15
45300 15
45400 15
45500 15
45600 14
45700 15
45800 15
45900 15
46000 17
46100 15
46200 14
46300 15
46400 15
46500 15
46600 15
46700 14
46800 14
46900 15
47000 15
47100 18
47200 14
47300 14
47400 14
47500 15
47600 15
47700 15
47800 15
47900 14
48000 15
48100 15
48200 14
48300 15
48400 14
48500 15
48600 15
48700 15
48800 15
48900 15
49000 16
49100 15
49200 19
49300 15
49400 15
49500 16
49600 15
49700 15
49800 16
49900 15
50000 16
50100 15
50200 16
50300 15
50400 16
50500 16
50600 15
50700 16
50800 16
50900 16
51000 17
51100 17
51200 17
51300 20
51400 16
51500 16
51600 17
51700 17
51800 17
51900 17
52000 16
52100 16
52200 17
52300 20
52400 17
52500 16
52600 16
52700 17
52800 17
52900 17
53000 17
53100 17
53200 17
53300 21
53400 17
53500 17
53600 17
53700 17
53800 17
53900 17
54000 17
54100 17
54200 21
54300 17
54400 17
54500 17
54600 17
54700 17
54800 17
54900 17
55000 17
55100 17
55200 21
55300 17
55400 17
55500 17
55600 17
55700 17
55800 17
55900 17
56000 17
56100 31
56200 18
56300 18
56400 17
56500 18
56600 18
56700 17
56800 18
56900 17
57000 23
57100 17
57200 17
57300 18
57400 18
57500 18
57600 17
57700 17
57800 17
57900 22
58000 17
58100 18
58200 18
58300 18
58400 18
58500 18
58600 18
58700 18
58800 22
58900 17
59000 18
59100 18
59200 18
59300 18
59400 18
59500 18
59600 18
59700 22
59800 18
59900 18
60000 18
60100 18
60200 19
60300 18
60400 19
60500 23
60600 18
60700 18
60800 19
60900 19
61000 18
61100 19
61200 19
61300 19
61400 22
61500 19
61600 18
61700 19
61800 19
61900 18
62000 19
62100 19
62200 23
62300 18
62400 19
62500 19
62600 19
62700 19
62800 19
62900 19
63000 19
63100 18
63200 18
63300 19
63400 19
63500 19
63600 19
63700 19
63800 19
63900 27
64000 26
64100 21
64200 20
64300 19
64400 19
64500 19
64600 19
64700 22
64800 19
64900 19
65000 19
65100 19
65200 19
65300 19
65400 19
65500 23
65600 19
65700 19
65800 19
65900 19
66000 19
66100 19
66200 19
66300 22
66400 19
66500 19
66600 19
66700 19
66800 19
66900 19
67000 22
67100 19
67200 19
67300 19
67400 19
67500 20
67600 19
67700 20
67800 23
67900 18
68000 18
68100 18
68200 18
68300 19
68400 19
68500 20
68600 22
68700 19
68800 19
68900 20
69000 19
69100 19
69200 19
69300 22
69400 19
69500 19
69600 19
69700 19
69800 19
69900 20
70000 19
70100 23
70200 19
70300 20
70400 19
70500 19
70600 19
70700 20
70800 24
70900 20
71000 19
71100 19
71200 20
71300 19
71400 19
71500 19
71600 23
71700 19
71800 19
71900 19
72000 22
72100 22
72200 22
72300 25
72400 21
72500 21
72600 21
72700 21
72800 21
72900 21
73000 25
73100 21
73200 21
73300 21
73400 21
73500 21
73600 21
73700 25
73800 21
73900 21
74000 21
74100 21
74200 21
74300 22
74400 25
74500 21
74600 21
74700 22
74800 21
74900 21
75000 22
75100 25
75200 22
75300 22
75400 21
75500 21
75600 22
75700 22
75800 26
75900 22
76000 22
76100 22
76200 22
76300 22
76400 22
76500 26
76600 22
76700 22
76800 23
76900 22
77000 22
77100 22
77200 22
77300 22
77400 22
77500 22
77600 22
77700 22
77800 26
77900 22
78000 23
78100 22
78200 23
78300 23
78400 23
78500 27
78600 23
78700 23
78800 24
78900 24
79000 24
79100 23
79200 27
79300 24
79400 23
79500 23
79600 23
79700 23
79800 27
79900 23
80000 23
80100 23
80200 23
80300 24
80400 24
80500 24
80600 23
80700 24
80800 24
80900 24
81000 24
81100 27
81200 24
81300 24
81400 24
81500 25
81600 24
81700 28
81800 24
81900 24
82000 24
82100 25
82200 25
82300 25
82400 25
82500 26
82600 25
82700 26
82800 25
82900 26
83000 30
83100 27
83200 27
83300 27
83400 27
83500 27
83600 31
83700 27
83800 27
83900 27
84000 28
84100 29
84200 32
84300 29
84400 28
84500 29
84600 29
84700 29
84800 29
84900 30
85000 29
85100 30
85200 30
85300 33
85400 30
85500 30
85600 31
85700 31
85800 31
85900 34
86000 30
86100 31
86200 31
86300 31
86400 30
86500 34
86600 31
86700 31
86800 30
86900 31
87000 34
87100 31
87200 30
87300 31
87400 31
87500 28
87600 28
87700 28
87800 28
87900 28
88000 28
88100 32
88200 28
88300 28
88400 28
88500 28
88600 31
88700 27
88800 27
88900 28
89000 28
89100 28
89200 32
89300 27
89400 28
89500 28
89600 28
89700 32
89800 28
89900 28
90000 28
90100 28
90200 32
90300 28
90400 28
90500 28
90600 29
90700 28
90800 32
90900 28
91000 28
91100 28
91200 28
91300 32
91400 28
91500 28
91600 28
91700 28
91800 32
91900 29
92000 28
92100 29
92200 28
92300 33
92400 29
92500 29
92600 28
92700 28
92800 29
92900 33
93000 29
93100 29
93200 29
93300 29
93400 32
93500 29
93600 29
93700 29
93800 29
93900 33
94000 29
94100 29
94200 29
94300 29
94400 34
94500 30
94600 30
94700 29
94800 30
94900 33
95000 29
95100 30
95200 30
95300 30
95400 33
95500 30
95600 30
95700 29
95800 30
95900 33
96000 29
96100 29
96200 30
96300 30
96400 33
96500 34
96600 30
96700 30
96800 30
96900 33
97000 29
97100 29
97200 29
97300 29
97400 33
97500 29
97600 29
97700 30
97800 30
97900 34
98000 30
98100 30
98200 30
98300 30
98400 31
98500 31
98600 31
98700 31
98800 35
98900 31
99000 30
99100 30
99200 30
99300 34
99400 30
99500 30
99600 30
99700 30
99800 33
99900 30
100000 30
