500 0
600 0
700 0
800 0
900 0
1000 0
1100 0
1200 0
1300 0
1400 0
1500 0
1600 0
1700 0
1800 0
1900 0
2000 0
2100 0
2200 0
2300 0
2400 0
2500 0
2600 0
2700 0
2800 0
2900 0
3000 0
3100 0
3200 0
3300 0
3400 0
3500 0
3600 0
3700 0
3800 0
3900 0
4000 0
4100 0
4200 0
4300 0
4400 0
4500 0
4600 1
4700 1
4800 1
4900 1
5000 1
5100 1
5200 1
5300 1
5400 1
5500 1
5600 1
5700 1
5800 1
5900 1
6000 1
6100 1
6200 1
6300 1
6400 1
6500 1
6600 1
6700 1
6800 1
6900 1
7000 1
7100 1
7200 1
7300 1
7400 1
7500 1
7600 1
7700 1
7800 2
7900 2
8000 2
8100 2
8200 2
8300 2
8400 2
8500 2
8600 2
8700 2
8800 2
8900 2
9000 2
9100 2
9200 3
9300 2
9400 2
9500 2
9600 2
9700 2
9800 2
9900 2
10000 2
10100 2
10200 2
10300 2
10400 2
10500 2
10600 2
10700 2
10800 2
10900 2
11000 2
11100 2
11200 2
11300 2
11400 3
11500 2
11600 2
11700 2
11800 3
11900 2
12000 2
12100 2
12200 2
12300 3
12400 3
12500 3
12600 3
12700 3
12800 3
12900 3
13000 3
13100 3
13200 3
13300 3
13400 3
13500 3
13600 3
13700 3
13800 3
13900 3
14000 3
14100 3
14200 3
14300 3
14400 3
14500 3
14600 3
14700 3
14800 3
14900 3
15000 3
15100 3
15200 3
15300 3
15400 3
15500 4
15600 4
15700 4
15800 4
15900 4
16000 4
16100 4
16200 4
16300 4
16400 4
16500 4
16600 4
16700 4
16800 4
16900 4
17000 4
17100 4
17200 4
17300 4
17400 4
17500 4
17600 4
17700 4
17800 4
17900 4
18000 4
18100 4
18200 4
18300 4
18400 4
18500 4
18600 4
18700 4
18800 4
18900 5
19000 4
19100 5
19200 5
19300 5
19400 5
19500 5
19600 5
19700 5
19800 5
19900 5
20000 5
20100 5
20200 5
20300 5
20400 5
20500 5
20600 5
20700 5
20800 5
20900 5
21000 5
21100 5
21200 5
21300 5
21400 5
21500 5
21600 5
21700 5
21800 5
21900 5
22000 5
22100 5
22200 5
22300 5
22400 5
22500 5
22600 5
22700 5
22800 5
22900 5
23000 5
23100 5
23200 5
23300 6
23400 6
23500 6
23600 5
23700 6
23800 6
23900 6
24000 6
24100 6
24200 6
24300 6
24400 6
24500 6
24600 6
24700 6
24800 6
24900 6
25000 6
25100 6
25200 6
25300 6
25400 6
25500 6
25600 6
25700 6
25800 6
25900 6
26000 6
26100 6
26200 6
26300 6
26400 6
26500 6
26600 6
26700 6
26800 6
26900 6
27000 6
27100 6
27200 7
27300 7
27400 7
27500 6
27600 7
27700 7
27800 7
27900 7
28000 7
28100 7
28200 7
28300 7
28400 7
28500 7
28600 7
28700 7
28800 7
28900 7
29000 7
29100 7
29200 7
29300 7
29400 7
29500 7
29600 7
29700 7
29800 7
29900 7
30000 7
30100 8
30200 8
30300 8
30400 8
30500 13
30600 15
30700 13
30800 9
30900 9
31000 10
31100 8
31200 9
31300 9
31400 9
31500 9
31600 9
31700 9
31800 9
31900 9
32000 10
32100 9
32200 9
32300 9
32400 9
32500 10
32600 10
32700 10
32800 10
32900 10
33000 10
33100 10
33200 10
33300 10
33400 10
33500 10
33600 11
33700 11
33800 10
33900 12
34000 11
34100 11
34200 10
34300 11
34400 11
34500 11
34600 10
34700 17
34800 10
34900 11
35000 10
35100 10
35200 11
35300 11
35400 10
35500 11
35600 11
35700 11
35800 12
35900 11
36000 11
36100 11
36200 12
36300 14
36400 11
36500 11
36600 11
36700 11
36800 12
36900 11
37000 11
37100 11
37200 11
37300 11
37400 11
37500 11
37600 12
37700 11
37800 14
37900 10
38000 11
38100 11
38200 11
38300 10
38400 11
38500 11
38600 11
38700 11
38800 11
38900 11
39000 11
39100 10
39200 14
39300 11
39400 11
39500 11
39600 12
39700 11
39800 12
39900 12
40000 12
40100 12
40200 12
40300 12
40400 12
40500 12
40600 11
40700 11
40800 12
40900 12
41000 11
41100 12
41200 11
41300 11
41400 11
41500 12
41600 11
41700 12
41800 12
41900 13
42000 16
42100 12
42200 13
42300 12
42400 12
42500 13
42600 13
42700 12
42800 13
42900 13
43000 13
43100 13
43200 13
43300 13
43400 16
43500 13
43600 13
43700 13
43800 13
43900 13
44000 13
44100 13
44200 14
44300 14
44400 13
44500 14
44600 14
44700 14
44800 15
44900 14
45000 14
45100 15
45200 13
45300 14
45400 14
45500 12
45600 13
45700 13
45800 13
45900 16
46000 13
46100 12
46200 12
46300 12
46400 13
46500 13
46600 13
46700 12
46800 13
46900 13
47000 13
47100 17
47200 12
47300 12
47400 13
47500 13
47600 13
47700 14
47800 13
47900 13
48000 13
48100 13
48200 12
48300 16
48400 12
48500 13
48600 13
48700 13
48800 12
48900 13
49000 13
49100 12
49200 13
49300 13
49400 13
49500 18
49600 13
49700 13
49800 12
49900 13
50000 13
50100 13
50200 13
50300 13
50400 13
50500 13
50600 16
50700 13
50800 13
50900 14
51000 14
51100 14
51200 14
51300 14
51400 14
51500 14
51600 14
51700 17
51800 13
51900 14
52000 14
52100 14
52200 14
52300 14
52400 14
52500 14
52600 14
52700 15
52800 17
52900 14
53000 14
53100 14
53200 14
53300 14
53400 14
53500 14
53600 14
53700 14
53800 14
53900 18
54000 14
54100 14
54200 15
54300 14
54400 14
54500 14
54600 14
54700 15
54800 15
54900 18
55000 14
55100 14
55200 14
55300 14
55400 14
55500 14
55600 15
55700 14
55800 15
55900 17
56000 14
56100 15
56200 15
56300 15
56400 14
56500 14
56600 14
56700 14
56800 14
56900 17
57000 15
57100 15
57200 15
57300 15
57400 15
57500 15
57600 15
57700 15
57800 15
57900 17
58000 15
58100 15
58200 15
58300 15
58400 15
58500 15
58600 15
58700 15
58800 15
58900 16
59000 17
59100 17
59200 17
59300 17
59400 17
59500 19
59600 18
59700 18
59800 23
59900 18
60000 18
60100 18
60200 18
60300 19
60400 19
60500 19
60600 19
60700 18
60800 23
60900 19
61000 20
61100 20
61200 20
61300 20
61400 20
61500 19
61600 20
61700 23
61800 19
61900 19
62000 19
62100 21
62200 34
62300 34
62400 34
62500 35
62600 41
62700 35
62800 35
62900 35
63000 36
63100 36
63200 35
63300 37
63400 43
63500 38
63600 37
63700 38
63800 38
63900 28
64000 25
64100 24
64200 29
64300 25
64400 25
64500 26
64600 21
64700 21
64800 22
64900 21
65000 26
65100 20
65200 20
65300 20
65400 21
65500 21
65600 21
65700 21
65800 24
65900 21
66000 21
66100 21
66200 21
66300 21
66400 21
66500 21
66600 25
66700 21
66800 21
66900 22
67000 22
67100 22
67200 21
67300 21
67400 25
67500 21
67600 20
67700 21
67800 21
67900 21
68000 22
68100 26
68200 22
68300 23
68400 22
68500 22
68600 22
68700 22
68800 21
68900 24
69000 21
69100 22
69200 21
69300 21
69400 22
69500 22
69600 23
69700 26
69800 22
69900 22
70000 22
70100 22
70200 23
70300 23
70400 28
70500 23
70600 23
70700 23
70800 23
70900 23
71000 23
71100 25
71200 22
71300 22
71400 23
71500 22
71600 22
71700 22
71800 23
71900 21
72000 22
72100 22
72200 21
72300 22
72400 22
72500 22
72600 26
72700 22
72800 22
72900 23
73000 24
73100 23
73200 24
73300 28
73400 22
73500 22
73600 22
73700 23
73800 23
73900 23
74000 26
74100 22
74200 21
74300 22
74400 22
74500 20
74600 20
74700 23
74800 20
74900 20
75000 20
75100 20
75200 21
75300 21
75400 25
75500 21
75600 21
75700 20
75800 21
75900 21
76000 21
76100 20
76200 21
76300 21
76400 22
76500 21
76600 21
76700 26
76800 21
76900 21
77000 21
77100 21
77200 21
77300 21
77400 24
77500 21
77600 21
77700 21
77800 21
77900 21
78000 21
78100 24
78200 21
78300 21
78400 21
78500 21
78600 21
78700 21
78800 25
78900 21
79000 22
79100 21
79200 21
79300 21
79400 25
79500 21
79600 22
79700 21
79800 21
79900 21
80000 21
80100 27
80200 21
80300 22
80400 22
80500 22
80600 22
80700 25
80800 21
80900 21
81000 21
81100 22
81200 22
81300 21
81400 25
81500 21
81600 21
81700 21
81800 21
81900 22
82000 26
82100 22
82200 22
82300 22
82400 22
82500 22
82600 23
82700 23
82800 23
82900 23
83000 23
83100 25
83200 26
83300 30
83400 25
83500 25
83600 24
83700 25
83800 25
83900 28
84000 25
84100 26
84200 26
84300 26
84400 26
84500 26
84600 26
84700 27
84800 26
84900 25
85000 25
85100 25
85200 25
85300 25
85400 25
85500 26
85600 25
85700 25
85800 24
85900 25
86000 25
86100 25
86200 26
86300 26
86400 24
86500 25
86600 25
86700 25
86800 25
86900 25
87000 25
87100 26
87200 26
87300 25
87400 25
87500 25
87600 25
87700 25
87800 25
87900 26
88000 25
88100 26
88200 25
88300 25
88400 25
88500 25
88600 26
88700 29
88800 24
88900 25
89000 25
89100 25
89200 25
89300 29
89400 26
89500 26
89600 25
89700 25
89800 25
89900 28
90000 25
90100 25
90200 25
90300 27
90400 26
90500 29
90600 26
90700 26
90800 25
90900 26
91000 26
91100 29
91200 25
91300 26
91400 25
91500 26
91600 34
91700 27
91800 28
91900 27
92000 27
92100 27
92200 30
92300 27
92400 27
92500 28
92600 28
92700 28
92800 29
92900 26
93000 26
93100 25
93200 25
93300 29
93400 26
93500 26
93600 26
93700 26
93800 26
93900 29
94000 26
94100 25
94200 25
94300 25
94400 26
94500 26
94600 26
94700 26
94800 26
94900 26
95000 29
95100 26
95200 26
95300 26
95400 26
95500 29
95600 25
95700 26
95800 25
95900 25
96000 25
96100 28
96200 25
96300 25
96400 27
96500 28
96600 29
96700 26
96800 26
96900 26
97000 26
97100 26
97200 28
97300 26
97400 25
97500 26
97600 26
97700 28
97800 26
97900 26
98000 26
98100 27
98200 30
98300 26
98400 26
98500 27
98600 27
98700 27
98800 29
98900 27
99000 27
99100 27
99200 27
99300 29
99400 26
99500 27
99600 27
99700 27
99800 29
99900 27
100000 27
