500 0
600 0
700 0
800 0
900 0
1000 0
1100 0
1200 0
1300 0
1400 1
1500 1
1600 0
1700 0
1800 0
1900 0
2000 0
2100 0
2200 0
2300 0
2400 0
2500 1
2600 1
2700 1
2800 1
2900 1
3000 1
3100 1
3200 1
3300 1
3400 1
3500 1
3600 2
3700 1
3800 1
3900 1
4000 2
4100 2
4200 2
4300 2
4400 2
4500 2
4600 2
4700 2
4800 2
4900 2
5000 2
5100 2
5200 2
5300 2
5400 2
5500 2
5600 3
5700 3
5800 3
5900 3
6000 3
6100 3
6200 3
6300 3
6400 4
6500 3
6600 3
6700 3
6800 4
6900 3
7000 3
7100 3
7200 4
7300 4
7400 4
7500 4
7600 4
7700 4
7800 4
7900 4
8000 4
8100 4
8200 4
8300 4
8400 4
8500 4
8600 4
8700 4
8800 4
8900 4
9000 4
9100 4
9200 4
9300 4
9400 4
9500 4
9600 4
9700 4
9800 4
9900 4
10000 4
10100 4
10200 4
10300 4
10400 4
10500 5
10600 5
10700 5
10800 5
10900 5
11000 5
11100 6
11200 6
11300 6
11400 6
11500 6
11600 7
11700 6
11800 7
11900 7
12000 7
12100 7
12200 7
12300 7
12400 8
12500 7
12600 8
12700 7
12800 8
12900 7
13000 8
13100 8
13200 8
13300 8
13400 8
13500 8
13600 8
13700 8
13800 8
13900 8
14000 8
14100 8
14200 8
14300 8
14400 8
14500 8
14600 8
14700 8
14800 8
14900 8
15000 8
15100 8
15200 8
15300 8
15400 8
15500 8
15600 8
15700 8
15800 8
15900 8
16000 8
16100 8
16200 8
16300 8
16400 8
16500 8
16600 9
16700 8
16800 9
16900 9
17000 9
17100 9
17200 9
17300 9
17400 8
17500 9
17600 8
17700 9
17800 9
17900 9
18000 9
18100 9
18200 9
18300 9
18400 9
18500 9
18600 9
18700 9
18800 9
18900 9
19000 9
19100 9
19200 9
19300 9
19400 9
19500 9
19600 9
19700 9
19800 9
19900 9
20000 9
20100 9
20200 10
20300 9
20400 9
20500 10
20600 15
20700 10
20800 11
20900 10
21000 10
21100 10
21200 10
21300 11
21400 11
21500 11
21600 11
21700 11
21800 11
21900 12
22000 12
22100 12
22200 12
22300 12
22400 12
22500 12
22600 12
22700 13
22800 13
22900 13
23000 13
23100 13
23200 13
23300 14
23400 14
23500 14
23600 14
23700 14
23800 14
23900 15
24000 15
24100 15
24200 15
24300 15
24400 15
24500 16
24600 16
24700 16
24800 16
24900 16
25000 16
25100 16
25200 16
25300 16
25400 16
25500 16
25600 16
25700 16
25800 16
25900 16
26000 16
26100 16
26200 16
26300 16
26400 16
26500 16
26600 16
26700 16
26800 16
26900 16
27000 16
27100 16
27200 17
27300 17
27400 16
27500 16
27600 16
27700 17
27800 17
27900 17
28000 17
28100 17
28200 17
28300 17
28400 18
28500 17
28600 17
28700 17
28800 17
28900 17
29000 18
29100 17
29200 17
29300 17
29400 17
29500 18
29600 17
29700 17
29800 17
29900 17
30000 17
30100 18
30200 18
30300 17
30400 17
30500 24
30600 16
30700 16
30800 17
30900 17
31000 17
31100 18
31200 18
31300 18
31400 17
31500 17
31600 17
31700 17
31800 18
31900 17
32000 17
32100 17
32200 17
32300 17
32400 17
32500 17
32600 17
32700 17
32800 17
32900 17
33000 17
33100 17
33200 18
33300 23
33400 17
33500 16
33600 16
33700 16
33800 17
33900 17
34000 18
34100 17
34200 18
34300 18
34400 17
34500 18
34600 18
34700 23
34800 17
34900 17
35000 17
35100 17
35200 17
35300 18
35400 18
35500 21
35600 17
35700 18
35800 19
35900 22
36000 30
36100 21
36200 20
36300 20
36400 21
36500 23
36600 21
36700 23
36800 22
36900 22
37000 22
37100 22
37200 30
37300 22
37400 23
37500 21
37600 22
37700 28
37800 22
37900 21
38000 20
38100 21
38200 21
38300 20
38400 28
38500 20
38600 21
38700 20
38800 20
38900 20
39000 20
39100 20
39200 20
39300 19
39400 19
39500 19
39600 26
39700 19
39800 19
39900 19
40000 18
40100 19
40200 18
40300 19
40400 19
40500 19
40600 19
40700 19
40800 25
40900 19
41000 19
41100 19
41200 20
41300 20
41400 20
41500 20
41600 19
41700 20
41800 21
41900 34
42000 21
42100 21
42200 21
42300 21
42400 21
42500 22
42600 22
42700 23
42800 22
42900 22
43000 29
43100 23
43200 24
43300 24
43400 25
43500 24
43600 23
43700 24
43800 24
43900 24
44000 31
44100 24
44200 24
44300 25
44400 25
44500 25
44600 26
44700 26
44800 33
44900 29
45000 36
45100 29
45200 27
45300 27
45400 27
45500 27
45600 28
45700 28
45800 28
45900 35
46000 27
46100 27
46200 26
46300 27
46400 27
46500 27
46600 28
46700 28
46800 28
46900 35
47000 28
47100 28
47200 28
47300 29
47400 30
47500 32
47600 32
47700 33
47800 41
47900 33
48000 31
48100 33
48200 34
48300 58
48400 44
48500 35
48600 34
48700 37
48800 32
48900 38
49000 37
49100 36
49200 36
49300 35
49400 34
49500 40
49600 31
49700 31
49800 31
49900 31
50000 32
50100 31
50200 31
50300 31
50400 31
50500 31
50600 31
50700 31
50800 32
50900 33
51000 34
51100 34
51200 41
51300 33
51400 33
51500 33
51600 33
51700 32
51800 32
51900 32
52000 38
52100 32
52200 32
52300 32
52400 33
52500 34
52600 34
52700 34
52800 40
52900 33
53000 36
53100 36
53200 35
53300 33
53400 33
53500 34
53600 40
53700 34
53800 34
53900 34
54000 34
54100 34
54200 34
54300 33
54400 41
54500 35
54600 34
54700 34
54800 34
54900 34
55000 34
55100 34
55200 40
55300 34
55400 34
55500 34
55600 35
55700 35
55800 34
55900 40
56000 33
56100 33
56200 33
56300 33
56400 34
56500 33
56600 33
56700 40
56800 33
56900 34
57000 34
57100 33
57200 34
57300 33
57400 42
57500 33
57600 33
57700 33
57800 33
57900 33
58000 33
58100 34
58200 41
58300 33
58400 33
58500 34
58600 34
58700 34
58800 33
58900 43
59000 33
59100 34
59200 35
59300 33
59400 34
59500 34
59600 41
59700 33
59800 34
59900 34
60000 34
60100 34
60200 35
60300 43
60400 34
60500 34
60600 34
60700 34
60800 34
60900 34
61000 41
61100 33
61200 34
61300 34
61400 34
61500 34
61600 34
61700 42
61800 35
61900 35
62000 35
62100 35
62200 35
62300 36
62400 42
62500 34
62600 34
62700 34
62800 34
62900 35
63000 35
63100 41
63200 35
63300 34
63400 34
63500 35
63600 35
63700 36
63800 41
63900 34
64000 35
64100 35
64200 35
64300 35
64400 41
64500 34
64600 34
64700 34
64800 34
64900 34
65000 34
65100 43
65200 35
65300 34
65400 35
65500 34
65600 35
65700 36
65800 37
65900 38
66000 38
66100 36
66200 37
66300 38
66400 45
66500 38
66600 38
66700 38
66800 37
66900 37
67000 37
67100 36
67200 37
67300 36
67400 36
67500 36
67600 36
67700 42
67800 36
67900 37
68000 38
68100 37
68200 38
68300 44
68400 36
68500 36
68600 37
68700 37
68800 37
68900 44
69000 38
69100 42
69200 40
69300 39
69400 40
69500 40
69600 40
69700 40
69800 39
69900 39
70000 38
70100 38
70200 43
70300 37
70400 37
70500 38
70600 39
70700 38
70800 43
70900 39
71000 39
71100 40
71200 39
71300 37
71400 55
71500 38
71600 37
71700 37
71800 37
71900 37
72000 42
72100 36
72200 37
72300 37
72400 37
72500 36
72600 43
72700 38
72800 37
72900 37
73000 37
73100 36
73200 42
73300 35
73400 36
73500 36
73600 37
73700 37
73800 43
73900 36
74000 37
74100 37
74200 37
74300 44
74400 36
74500 37
74600 39
74700 38
74800 37
74900 47
75000 42
75100 41
75200 43
75300 43
75400 40
75500 47
75600 40
75700 39
75800 37
75900 40
76000 38
76100 46
76200 40
76300 41
76400 49
76500 45
76600 42
76700 38
76800 40
76900 44
77000 40
77100 39
77200 46
77300 43
77400 39
77500 38
77600 38
77700 45
77800 47
77900 41
78000 41
78100 38
78200 46
78300 46
78400 40
78500 41
78600 39
78700 46
78800 38
78900 44
79000 38
79100 37
79200 37
79300 38
79400 44
79500 37
79600 37
79700 37
79800 40
79900 40
80000 47
80100 40
80200 39
80300 39
80400 39
80500 48
80600 40
80700 38
80800 45
80900 58
81000 58
81100 63
81200 42
81300 43
81400 42
81500 40
81600 52
81700 40
81800 39
81900 42
82000 43
82100 51
82200 39
82300 40
82400 40
82500 39
82600 39
82700 46
82800 40
82900 42
83000 41
83100 41
83200 48
83300 40
83400 40
83500 40
83600 41
83700 54
83800 41
83900 41
84000 42
84100 42
84200 48
84300 42
84400 43
84500 43
84600 44
84700 50
84800 43
84900 43
85000 44
85100 44
85200 50
85300 45
85400 45
85500 45
85600 46
85700 53
85800 46
85900 46
86000 47
86100 46
86200 52
86300 47
86400 47
86500 47
86600 48
86700 54
86800 48
86900 49
87000 49
87100 49
87200 55
87300 48
87400 49
87500 50
87600 50
87700 48
87800 49
87900 49
88000 50
88100 56
88200 49
88300 49
88400 50
88500 51
88600 57
88700 50
88800 50
88900 51
89000 51
89100 57
89200 51
89300 51
89400 52
89500 59
89600 51
89700 52
89800 52
89900 53
90000 59
90100 52
90200 52
90300 53
90400 53
90500 59
90600 53
90700 53
90800 54
90900 60
91000 53
91100 54
91200 54
91300 55
91400 61
91500 63
91600 60
91700 56
91800 61
91900 55
92000 60
92100 61
92200 64
92300 66
92400 59
92500 60
92600 60
92700 68
92800 59
92900 60
93000 61
93100 62
93200 64
93300 63
93400 62
93500 62
93600 71
93700 62
93800 62
93900 62
94000 74
94100 62
94200 63
94300 63
94400 64
94500 63
94600 64
94700 63
94800 64
94900 75
95000 65
95100 66
95200 65
95300 76
95400 66
95500 66
95600 67
95700 76
95800 66
95900 67
96000 67
96100 73
96200 69
96300 68
96400 67
96500 68
96600 71
96700 68
96800 71
96900 75
97000 84
97100 76
97200 77
97300 81
97400 82
97500 76
97600 74
97700 77
97800 82
97900 78
98000 76
98100 76
98200 83
98300 73
98400 72
98500 71
98600 79
98700 66
98800 64
98900 66
99000 75
99100 66
99200 69
99300 74
99400 104
99500 80
99600 79
99700 77
99800 85
99900 77
100000 74
