500 0
600 0
700 0
800 0
900 0
1000 0
1100 0
1200 0
1300 0
1400 0
1500 0
1600 0
1700 0
1800 0
1900 0
2000 0
2100 0
2200 0
2300 0
2400 0
2500 0
2600 0
2700 0
2800 0
2900 0
3000 0
3100 0
3200 0
3300 1
3400 0
3500 0
3600 0
3700 0
3800 0
3900 0
4000 0
4100 0
4200 0
4300 0
4400 1
4500 0
4600 0
4700 1
4800 1
4900 1
5000 1
5100 1
5200 1
5300 1
5400 1
5500 1
5600 1
5700 1
5800 1
5900 1
6000 1
6100 1
6200 1
6300 1
6400 1
6500 1
6600 1
6700 1
6800 1
6900 1
7000 1
7100 1
7200 1
7300 1
7400 1
7500 1
7600 1
7700 1
7800 1
7900 1
8000 2
8100 1
8200 1
8300 1
8400 1
8500 1
8600 1
8700 2
8800 2
8900 2
9000 2
9100 2
9200 2
9300 2
9400 2
9500 2
9600 2
9700 2
9800 2
9900 2
10000 2
10100 2
10200 2
10300 2
10400 2
10500 2
10600 3
10700 2
10800 2
10900 3
11000 2
11100 3
11200 2
11300 3
11400 3
11500 3
11600 3
11700 3
11800 3
11900 3
12000 3
12100 3
12200 3
12300 3
12400 3
12500 3
12600 3
12700 3
12800 3
12900 3
13000 3
13100 3
13200 3
13300 3
13400 3
13500 3
13600 3
13700 3
13800 3
13900 3
14000 3
14100 3
14200 3
14300 3
14400 3
14500 3
14600 3
14700 3
14800 3
14900 3
15000 3
15100 4
15200 3
15300 3
15400 3
15500 4
15600 3
15700 3
15800 3
15900 4
16000 3
16100 3
16200 4
16300 4
16400 3
16500 3
16600 4
16700 4
16800 4
16900 4
17000 4
17100 4
17200 4
17300 4
17400 4
17500 4
17600 4
17700 4
17800 4
17900 4
18000 4
18100 4
18200 4
18300 4
18400 4
18500 4
18600 5
18700 4
18800 4
18900 5
19000 5
19100 4
19200 5
19300 5
19400 4
19500 5
19600 5
19700 5
19800 5
19900 5
20000 5
20100 5
20200 5
20300 5
20400 5
20500 5
20600 5
20700 5
20800 5
20900 5
21000 5
21100 6
21200 5
21300 5
21400 6
21500 5
21600 6
21700 5
21800 5
21900 6
22000 6
22100 6
22200 6
22300 6
22400 6
22500 6
22600 6
22700 7
22800 7
22900 6
23000 6
23100 6
23200 6
23300 6
23400 6
23500 7
23600 6
23700 7
23800 6
23900 7
24000 7
24100 7
24200 7
24300 7
24400 6
24500 7
24600 7
24700 7
24800 7
24900 7
25000 7
25100 7
25200 7
25300 7
25400 7
25500 7
25600 7
25700 7
25800 7
25900 7
26000 6
26100 6
26200 6
26300 6
26400 6
26500 6
26600 6
26700 6
26800 6
26900 7
27000 7
27100 6
27200 6
27300 7
27400 6
27500 6
27600 6
27700 6
27800 6
27900 7
28000 6
28100 7
28200 7
28300 7
28400 7
28500 7
28600 7
28700 7
28800 7
28900 7
29000 7
29100 7
29200 7
29300 7
29400 7
29500 7
29600 8
29700 8
29800 7
29900 8
30000 8
30100 8
30200 7
30300 7
30400 7
30500 7
30600 7
30700 7
30800 8
30900 8
31000 8
31100 7
31200 8
31300 7
31400 8
31500 8
31600 8
31700 8
31800 8
31900 8
32000 8
32100 8
32200 8
32300 8
32400 8
32500 8
32600 8
32700 8
32800 8
32900 8
33000 8
33100 8
33200 8
33300 9
33400 8
33500 9
33600 8
33700 9
33800 8
33900 8
34000 9
34100 8
34200 9
34300 8
34400 9
34500 9
34600 9
34700 9
34800 9
34900 9
35000 9
35100 9
35200 9
35300 9
35400 9
35500 9
35600 9
35700 9
35800 12
35900 9
36000 9
36100 9
36200 9
36300 9
36400 9
36500 9
36600 10
36700 10
36800 10
36900 9
37000 10
37100 10
37200 10
37300 10
37400 10
37500 13
37600 9
37700 10
37800 9
37900 10
38000 10
38100 10
38200 10
38300 10
38400 10
38500 10
38600 10
38700 10
38800 10
38900 11
39000 10
39100 13
39200 10
39300 10
39400 10
39500 10
39600 10
39700 10
39800 10
39900 10
40000 10
40100 10
40200 10
40300 10
40400 10
40500 10
40600 11
40700 11
40800 10
40900 10
41000 10
41100 11
41200 10
41300 10
41400 11
41500 10
41600 11
41700 11
41800 11
41900 11
42000 11
42100 11
42200 13
42300 11
42400 11
42500 11
42600 12
42700 11
42800 12
42900 12
43000 12
43100 12
43200 12
43300 12
43400 12
43500 12
43600 15
43700 12
43800 12
43900 12
44000 12
44100 12
44200 12
44300 12
44400 13
44500 12
44600 13
44700 13
44800 14
44900 13
45000 15
45100 13
45200 13
45300 13
45400 13
45500 13
45600 13
45700 13
45800 13
45900 13
46000 13
46100 13
46200 14
46300 13
46400 15
46500 13
46600 13
46700 13
46800 13
46900 13
47000 14
47100 14
47200 14
47300 14
47400 13
47500 13
47600 14
47700 17
47800 14
47900 14
48000 14
48100 14
48200 13
48300 14
48400 14
48500 14
48600 14
48700 14
48800 14
48900 14
49000 18
49100 14
49200 14
49300 14
49400 14
49500 14
49600 14
49700 14
49800 16
49900 14
50000 15
50100 15
50200 14
50300 15
50400 15
50500 15
50600 15
50700 15
50800 15
50900 15
51000 15
51100 15
51200 15
51300 15
51400 15
51500 18
51600 15
51700 15
51800 18
51900 14
52000 18
52100 14
52200 14
52300 14
52400 14
52500 14
52600 17
52700 14
52800 14
52900 14
53000 15
53100 14
53200 14
53300 14
53400 14
53500 14
53600 15
53700 20
53800 14
53900 14
54000 14
54100 14
54200 15
54300 15
54400 15
54500 15
54600 15
54700 15
54800 17
54900 15
55000 15
55100 15
55200 15
55300 15
55400 15
55500 15
55600 15
55700 15
55800 17
55900 15
56000 15
56100 15
56200 24
56300 15
56400 21
56500 15
56600 15
56700 15
56800 17
56900 14
57000 15
57100 15
57200 14
57300 15
57400 15
57500 16
57600 15
57700 15
57800 17
57900 15
58000 14
58100 15
58200 15
58300 15
58400 15
58500 15
58600 15
58700 15
58800 17
58900 15
59000 15
59100 16
59200 16
59300 25
59400 16
59500 16
59600 16
59700 22
59800 15
59900 16
60000 16
60100 16
60200 16
60300 16
60400 16
60500 17
60600 17
60700 19
60800 16
60900 16
61000 16
61100 16
61200 16
61300 17
61400 18
61500 18
61600 21
61700 17
61800 18
61900 18
62000 18
62100 18
62200 18
62300 18
62400 18
62500 21
62600 18
62700 18
62800 18
62900 18
63000 18
63100 18
63200 18
63300 18
63400 22
63500 18
63600 18
63700 18
63800 18
63900 19
64000 18
64100 18
64200 18
64300 23
64400 18
64500 19
64600 18
64700 18
64800 18
64900 19
65000 18
65100 18
65200 22
65300 18
65400 18
65500 18
65600 18
65700 19
65800 20
65900 19
66000 19
66100 18
66200 19
66300 19
66400 19
66500 19
66600 19
66700 19
66800 19
66900 22
67000 19
67100 19
67200 19
67300 19
67400 20
67500 19
67600 20
67700 19
67800 22
67900 20
68000 20
68100 20
68200 20
68300 20
68400 20
68500 20
68600 23
68700 20
68800 21
68900 20
69000 20
69100 21
69200 21
69300 20
69400 21
69500 21
69600 21
69700 21
69800 21
69900 21
70000 21
70100 21
70200 21
70300 24
70400 21
70500 21
70600 21
70700 21
70800 21
70900 21
71000 21
71100 24
71200 21
71300 21
71400 21
71500 21
71600 21
71700 22
71800 22
71900 24
72000 21
72100 22
72200 21
72300 22
72400 22
72500 22
72600 22
72700 25
72800 21
72900 21
73000 21
73100 21
73200 22
73300 22
73400 22
73500 25
73600 22
73700 22
73800 22
73900 22
74000 22
74100 22
74200 25
74300 22
74400 22
74500 22
74600 22
74700 22
74800 22
74900 22
75000 26
75100 22
75200 22
75300 22
75400 22
75500 22
75600 22
75700 22
75800 27
75900 22
76000 23
76100 23
76200 22
76300 22
76400 22
76500 26
76600 21
76700 21
76800 20
76900 20
77000 20
77100 21
77200 20
77300 24
77400 21
77500 23
77600 23
77700 23
77800 23
77900 22
78000 26
78100 22
78200 23
78300 24
78400 26
78500 21
78600 21
78700 24
78800 21
78900 22
79000 21
79100 21
79200 21
79300 22
79400 21
79500 21
79600 21
79700 23
79800 22
79900 23
80000 24
80100 24
80200 28
80300 25
80400 24
80500 23
80600 24
80700 23
80800 22
80900 26
81000 22
81100 22
81200 22
81300 22
81400 22
81500 22
81600 26
81700 22
81800 22
81900 22
82000 23
82100 23
82200 24
82300 28
82400 23
82500 23
82600 24
82700 23
82800 23
82900 23
83000 28
83100 23
83200 24
83300 24
83400 24
83500 24
83600 24
83700 27
83800 24
83900 24
84000 24
84100 24
84200 24
84300 24
84400 27
84500 24
84600 24
84700 24
84800 24
84900 25
85000 25
85100 27
85200 24
85300 24
85400 24
85500 24
85600 24
85700 27
85800 25
85900 25
86000 25
86100 25
86200 25
86300 25
86400 28
86500 24
86600 25
86700 25
86800 24
86900 25
87000 25
87100 25
87200 25
87300 25
87400 25
87500 25
87600 25
87700 28
87800 25
87900 25
88000 25
88100 25
88200 25
88300 25
88400 28
88500 25
88600 25
88700 25
88800 25
88900 25
89000 28
89100 25
89200 25
89300 25
89400 25
89500 25
89600 25
89700 25
89800 25
89900 25
90000 25
90100 25
90200 26
90300 29
90400 26
90500 26
90600 26
90700 26
90800 26
90900 29
91000 26
91100 26
91200 26
91300 26
91400 26
91500 29
91600 26
91700 26
91800 26
91900 26
92000 27
92100 26
92200 27
92300 26
92400 26
92500 27
92600 27
92700 27
92800 30
92900 27
93000 26
93100 27
93200 27
93300 27
93400 30
93500 27
93600 27
93700 27
93800 27
93900 28
94000 30
94100 28
94200 33
94300 29
94400 27
94500 29
94600 30
94700 27
94800 27
94900 27
95000 27
95100 28
95200 31
95300 28
95400 28
95500 28
95600 28
95700 28
95800 31
95900 27
96000 28
96100 28
96200 28
96300 29
96400 31
96500 27
96600 27
96700 28
96800 28
96900 29
97000 32
97100 28
97200 29
97300 29
97400 29
97500 29
97600 31
97700 29
97800 28
97900 28
98000 29
98100 28
98200 31
98300 29
98400 30
98500 29
98600 29
98700 31
98800 30
98900 29
99000 30
99100 30
99200 30
99300 32
99400 30
99500 30
99600 30
99700 31
99800 31
99900 34
100000 32
