500 0
600 0
700 0
800 0
900 0
1000 0
1100 0
1200 0
1300 0
1400 0
1500 0
1600 0
1700 0
1800 0
1900 0
2000 0
2100 0
2200 0
2300 0
2400 0
2500 0
2600 0
2700 0
2800 0
2900 0
3000 0
3100 0
3200 0
3300 0
3400 1
3500 1
3600 1
3700 1
3800 1
3900 1
4000 1
4100 1
4200 1
4300 1
4400 1
4500 1
4600 1
4700 1
4800 1
4900 1
5000 1
5100 1
5200 1
5300 1
5400 1
5500 1
5600 2
5700 1
5800 1
5900 1
6000 1
6100 1
6200 1
6300 2
6400 2
6500 2
6600 1
6700 2
6800 2
6900 2
7000 2
7100 2
7200 2
7300 2
7400 2
7500 2
7600 2
7700 2
7800 2
7900 2
8000 2
8100 2
8200 2
8300 3
8400 2
8500 2
8600 3
8700 2
8800 2
8900 3
9000 2
9100 3
9200 2
9300 3
9400 3
9500 3
9600 3
9700 3
9800 3
9900 3
10000 3
10100 3
10200 3
10300 3
10400 3
10500 3
10600 3
10700 3
10800 3
10900 4
11000 4
11100 3
11200 4
11300 3
11400 3
11500 4
11600 3
11700 3
11800 3
11900 3
12000 4
12100 4
12200 4
12300 4
12400 4
12500 4
12600 4
12700 4
12800 4
12900 4
13000 4
13100 4
13200 4
13300 4
13400 4
13500 4
13600 4
13700 4
13800 4
13900 4
14000 4
14100 4
14200 4
14300 4
14400 4
14500 5
14600 4
14700 4
14800 4
14900 4
15000 5
15100 5
15200 5
15300 4
15400 5
15500 5
15600 5
15700 5
15800 5
15900 5
16000 5
16100 5
16200 5
16300 5
16400 5
16500 5
16600 5
16700 5
16800 5
16900 5
17000 5
17100 5
17200 5
17300 5
17400 5
17500 5
17600 5
17700 5
17800 6
17900 5
18000 5
18100 5
18200 5
18300 6
18400 6
18500 6
18600 6
18700 5
18800 6
18900 6
19000 6
19100 6
19200 6
19300 6
19400 6
19500 6
19600 6
19700 6
19800 6
19900 6
20000 7
20100 6
20200 6
20300 6
20400 6
20500 7
20600 7
20700 6
20800 6
20900 6
21000 6
21100 6
21200 7
21300 7
21400 7
21500 7
21600 7
21700 7
21800 8
21900 7
22000 7
22100 7
22200 9
22300 10
22400 8
22500 8
22600 8
22700 8
22800 7
22900 7
23000 7
23100 7
23200 7
23300 7
23400 8
23500 8
23600 8
23700 8
23800 8
23900 8
24000 8
24100 8
24200 8
24300 8
24400 8
24500 8
24600 8
24700 8
24800 8
24900 8
25000 8
25100 8
25200 8
25300 8
25400 8
25500 9
25600 8
25700 8
25800 8
25900 9
26000 8
26100 9
26200 9
26300 8
26400 8
26500 9
26600 9
26700 9
26800 10
26900 10
27000 9
27100 9
27200 8
27300 9
27400 9
27500 9
27600 8
27700 9
27800 10
27900 9
28000 9
28100 10
28200 10
28300 10
28400 9
28500 10
28600 9
28700 9
28800 10
28900 10
29000 10
29100 9
29200 10
29300 9
29400 9
29500 11
29600 10
29700 10
29800 9
29900 10
30000 11
30100 13
30200 11
30300 12
30400 11
30500 10
30600 10
30700 11
30800 10
30900 10
31000 10
31100 10
31200 10
31300 10
31400 11
31500 11
31600 10
31700 10
31800 11
31900 11
32000 10
32100 11
32200 11
32300 12
32400 11
32500 11
32600 11
32700 11
32800 11
32900 10
33000 11
33100 11
33200 12
33300 11
33400 12
33500 11
33600 11
33700 11
33800 11
33900 13
34000 11
34100 11
34200 11
34300 13
34400 12
34500 11
34600 12
34700 11
34800 12
34900 12
35000 12
35100 11
35200 11
35300 13
35400 12
35500 12
35600 12
35700 12
35800 11
35900 12
36000 12
36100 11
36200 12
36300 12
36400 12
36500 12
36600 12
36700 12
36800 12
36900 12
37000 12
37100 13
37200 12
37300 13
37400 13
37500 14
37600 13
37700 13
37800 12
37900 13
38000 12
38100 13
38200 13
38300 13
38400 13
38500 13
38600 13
38700 13
38800 13
38900 13
39000 13
39100 14
39200 13
39300 13
39400 13
39500 13
39600 12
39700 13
39800 13
39900 14
40000 14
40100 14
40200 14
40300 15
40400 14
40500 13
40600 14
40700 13
40800 14
40900 15
41000 13
41100 15
41200 15
41300 14
41400 14
41500 14
41600 14
41700 15
41800 15
41900 14
42000 15
42100 15
42200 14
42300 14
42400 14
42500 14
42600 15
42700 14
42800 15
42900 14
43000 14
43100 14
43200 14
43300 15
43400 14
43500 15
43600 15
43700 15
43800 15
43900 15
44000 16
44100 17
44200 16
44300 17
44400 16
44500 15
44600 15
44700 16
44800 16
44900 15
45000 17
45100 15
45200 15
45300 17
45400 15
45500 15
45600 16
45700 15
45800 15
45900 16
46000 16
46100 16
46200 17
46300 16
46400 16
46500 16
46600 16
46700 16
46800 16
46900 15
47000 16
47100 16
47200 16
47300 16
47400 16
47500 17
47600 16
47700 17
47800 16
47900 16
48000 16
48100 16
48200 16
48300 17
48400 18
48500 17
48600 18
48700 17
48800 16
48900 16
49000 18
49100 17
49200 18
49300 18
49400 17
49500 17
49600 18
49700 16
49800 17
49900 17
50000 17
50100 19
50200 21
50300 21
50400 23
50500 17
50600 17
50700 17
50800 18
50900 19
51000 18
51100 17
51200 20
51300 17
51400 19
51500 17
51600 16
51700 18
51800 18
51900 17
52000 17
52100 17
52200 18
52300 18
52400 18
52500 18
52600 18
52700 18
52800 18
52900 20
53000 18
53100 19
53200 17
53300 18
53400 18
53500 18
53600 19
53700 19
53800 17
53900 19
54000 18
54100 20
54200 18
54300 19
54400 19
54500 18
54600 19
54700 19
54800 18
54900 19
55000 19
55100 20
55200 19
55300 21
55400 20
55500 20
55600 20
55700 19
55800 19
55900 21
56000 20
56100 20
56200 20
56300 19
56400 21
56500 19
56600 20
56700 20
56800 19
56900 19
57000 20
57100 19
57200 20
57300 19
57400 20
57500 20
57600 20
57700 21
57800 19
57900 20
58000 21
58100 20
58200 21
58300 21
58400 20
58500 21
58600 20
58700 21
58800 20
58900 20
59000 20
59100 20
59200 22
59300 22
59400 21
59500 22
59600 21
59700 20
59800 20
59900 23
60000 21
60100 20
60200 20
60300 21
60400 21
60500 21
60600 21
60700 23
60800 21
60900 22
61000 22
61100 21
61200 22
61300 22
61400 23
61500 22
61600 21
61700 22
61800 22
61900 22
62000 22
62100 21
62200 23
62300 21
62400 22
62500 21
62600 21
62700 20
62800 21
62900 23
63000 21
63100 21
63200 22
63300 22
63400 21
63500 24
63600 21
63700 23
63800 24
63900 22
64000 23
64100 23
64200 22
64300 23
64400 22
64500 22
64600 22
64700 22
64800 24
64900 22
65000 23
65100 22
65200 23
65300 22
65400 24
65500 24
65600 23
65700 24
65800 22
65900 23
66000 24
66100 23
66200 23
66300 24
66400 23
66500 23
66600 25
66700 23
66800 22
66900 23
67000 23
67100 24
67200 24
67300 23
67400 25
67500 24
67600 25
67700 25
67800 25
67900 25
68000 24
68100 24
68200 23
68300 23
68400 24
68500 24
68600 24
68700 24
68800 25
68900 24
69000 25
69100 23
69200 24
69300 24
69400 25
69500 25
69600 25
69700 25
69800 24
69900 25
70000 25
70100 26
70200 28
70300 25
70400 25
70500 25
70600 25
70700 25
70800 26
70900 24
71000 25
71100 26
71200 24
71300 25
71400 24
71500 24
71600 25
71700 26
71800 25
71900 25
72000 25
72100 25
72200 26
72300 26
72400 25
72500 25
72600 24
72700 24
72800 26
72900 25
73000 25
73100 26
73200 26
73300 26
73400 26
73500 25
73600 26
73700 25
73800 26
73900 25
74000 29
74100 26
74200 27
74300 27
74400 27
74500 26
74600 25
74700 26
74800 27
74900 26
75000 26
75100 25
75200 28
75300 27
75400 28
75500 27
75600 26
75700 26
75800 29
75900 26
76000 27
76100 28
76200 25
76300 27
76400 27
76500 26
76600 27
76700 26
76800 27
76900 27
77000 27
77100 26
77200 28
77300 28
77400 28
77500 29
77600 28
77700 27
77800 29
77900 27
78000 28
78100 28
78200 27
78300 27
78400 28
78500 28
78600 30
78700 28
78800 28
78900 29
79000 29
79100 29
79200 29
79300 27
79400 30
79500 29
79600 27
79700 29
79800 31
79900 28
80000 27
80100 29
80200 28
80300 27
80400 29
80500 29
80600 30
80700 31
80800 29
80900 28
81000 28
81100 30
81200 28
81300 29
81400 31
81500 27
81600 29
81700 29
81800 31
81900 29
82000 29
82100 32
82200 29
82300 28
82400 28
82500 29
82600 29
82700 29
82800 30
82900 29
83000 30
83100 29
83200 30
83300 29
83400 29
83500 30
83600 29
83700 30
83800 31
83900 30
84000 30
84100 30
84200 32
84300 32
84400 30
84500 32
84600 31
84700 30
84800 30
84900 29
85000 30
85100 29
85200 30
85300 31
85400 30
85500 30
85600 32
85700 32
85800 32
85900 29
86000 31
86100 30
86200 31
86300 31
86400 32
86500 30
86600 30
86700 32
86800 30
86900 30
87000 33
87100 30
87200 31
87300 31
87400 31
87500 31
87600 30
87700 32
87800 31
87900 30
88000 31
88100 32
88200 32
88300 31
88400 34
88500 33
88600 33
88700 31
88800 33
88900 33
89000 34
89100 36
89200 32
89300 32
89400 32
89500 30
89600 32
89700 32
89800 34
89900 33
90000 31
90100 35
90200 31
90300 32
90400 32
90500 32
90600 33
90700 33
90800 33
90900 35
91000 32
91100 35
91200 32
91300 34
91400 32
91500 34
91600 32
91700 32
91800 32
91900 32
92000 33
92100 34
92200 33
92300 33
92400 33
92500 33
92600 32
92700 35
92800 32
92900 33
93000 32
93100 33
93200 32
93300 34
93400 34
93500 33
93600 34
93700 37
93800 35
93900 33
94000 38
94100 34
94200 34
94300 33
94400 34
94500 36
94600 35
94700 33
94800 34
94900 34
95000 33
95100 32
95200 37
95300 34
95400 34
95500 34
95600 35
95700 35
95800 36
95900 37
96000 35
96100 36
96200 35
96300 36
96400 34
96500 34
96600 37
96700 34
96800 35
96900 35
97000 35
97100 36
97200 35
97300 34
97400 34
97500 37
97600 34
97700 35
97800 34
97900 35
98000 36
98100 36
98200 33
98300 36
98400 35
98500 36
98600 35
98700 34
98800 34
98900 35
99000 36
99100 40
99200 42
99300 36
99400 36
99500 36
99600 38
99700 35
99800 37
99900 38
100000 36
