500 0
600 0
700 0
800 0
900 0
1000 0
1100 0
1200 0
1300 0
1400 0
1500 0
1600 0
1700 0
1800 0
1900 0
2000 0
2100 0
2200 0
2300 0
2400 0
2500 0
2600 0
2700 0
2800 0
2900 1
3000 0
3100 1
3200 1
3300 1
3400 1
3500 1
3600 1
3700 1
3800 1
3900 1
4000 1
4100 1
4200 1
4300 1
4400 1
4500 1
4600 1
4700 1
4800 1
4900 1
5000 1
5100 1
5200 2
5300 1
5400 1
5500 1
5600 1
5700 1
5800 2
5900 1
6000 1
6100 2
6200 2
6300 2
6400 2
6500 2
6600 2
6700 2
6800 2
6900 2
7000 2
7100 2
7200 2
7300 2
7400 2
7500 2
7600 2
7700 2
7800 2
7900 2
8000 2
8100 2
8200 2
8300 2
8400 2
8500 2
8600 3
8700 3
8800 2
8900 3
9000 3
9100 3
9200 3
9300 3
9400 3
9500 3
9600 3
9700 3
9800 3
9900 4
10000 4
10100 4
10200 4
10300 4
10400 4
10500 3
10600 3
10700 3
10800 3
10900 4
11000 4
11100 3
11200 4
11300 4
11400 4
11500 4
11600 4
11700 4
11800 4
11900 4
12000 4
12100 4
12200 4
12300 4
12400 5
12500 4
12600 5
12700 4
12800 5
12900 4
13000 4
13100 4
13200 4
13300 4
13400 4
13500 5
13600 4
13700 4
13800 5
13900 5
14000 4
14100 5
14200 5
14300 5
14400 5
14500 5
14600 5
14700 5
14800 5
14900 5
15000 5
15100 5
15200 5
15300 5
15400 5
15500 5
15600 5
15700 6
15800 5
15900 5
16000 6
16100 5
16200 5
16300 6
16400 6
16500 6
16600 6
16700 6
16800 6
16900 6
17000 6
17100 6
17200 6
17300 6
17400 6
17500 6
17600 6
17700 6
17800 10
17900 10
18000 9
18100 10
18200 8
18300 8
18400 8
18500 8
18600 11
18700 7
18800 7
18900 7
19000 7
19100 7
19200 7
19300 7
19400 7
19500 7
19600 7
19700 7
19800 8
19900 7
20000 8
20100 8
20200 8
20300 8
20400 7
20500 8
20600 8
20700 8
20800 8
20900 8
21000 8
21100 8
21200 8
21300 8
21400 8
21500 9
21600 9
21700 8
21800 8
21900 8
22000 8
22100 9
22200 9
22300 9
22400 9
22500 9
22600 9
22700 8
22800 8
22900 8
23000 9
23100 8
23200 9
23300 8
23400 9
23500 9
23600 9
23700 9
23800 8
23900 9
24000 9
24100 8
24200 9
24300 9
24400 9
24500 9
24600 9
24700 9
24800 9
24900 9
25000 9
25100 9
25200 9
25300 9
25400 9
25500 9
25600 9
25700 9
25800 9
25900 10
26000 9
26100 9
26200 10
26300 9
26400 9
26500 10
26600 9
26700 10
26800 10
26900 10
27000 10
27100 10
27200 9
27300 10
27400 10
27500 10
27600 10
27700 10
27800 12
27900 10
28000 10
28100 11
28200 11
28300 11
28400 10
28500 11
28600 10
28700 11
28800 11
28900 11
29000 11
29100 11
29200 11
29300 11
29400 11
29500 11
29600 11
29700 11
29800 10
29900 11
30000 11
30100 12
30200 12
30300 12
30400 11
30500 12
30600 11
30700 11
30800 11
30900 12
31000 11
31100 11
31200 12
31300 12
31400 12
31500 12
31600 11
31700 11
31800 12
31900 12
32000 12
32100 12
32200 12
32300 13
32400 12
32500 12
32600 12
32700 13
32800 13
32900 12
33000 12
33100 12
33200 13
33300 12
33400 13
33500 12
33600 13
33700 13
33800 12
33900 14
34000 12
34100 13
34200 13
34300 14
34400 13
34500 13
34600 13
34700 12
34800 13
34900 13
35000 13
35100 13
35200 13
35300 14
35400 13
35500 13
35600 13
35700 13
35800 13
35900 14
36000 13
36100 13
36200 13
36300 14
36400 14
36500 14
36600 14
36700 13
36800 13
36900 14
37000 14
37100 14
37200 14
37300 15
37400 15
37500 15
37600 15
37700 14
37800 14
37900 14
38000 14
38100 14
38200 15
38300 14
38400 14
38500 15
38600 14
38700 14
38800 15
38900 15
39000 20
39100 21
39200 18
39300 16
39400 16
39500 15
39600 15
39700 16
39800 16
39900 16
40000 16
40100 16
40200 15
40300 17
40400 16
40500 16
40600 16
40700 16
40800 16
40900 17
41000 15
41100 17
41200 17
41300 16
41400 16
41500 16
41600 16
41700 17
41800 16
41900 16
42000 17
42100 17
42200 16
42300 16
42400 16
42500 16
42600 17
42700 16
42800 17
42900 17
43000 17
43100 18
43200 17
43300 17
43400 16
43500 18
43600 17
43700 18
43800 18
43900 18
44000 18
44100 18
44200 17
44300 19
44400 18
44500 17
44600 17
44700 18
44800 18
44900 17
45000 19
45100 17
45200 17
45300 19
45400 17
45500 18
45600 18
45700 18
45800 18
45900 19
46000 18
46100 18
46200 20
46300 19
46400 18
46500 19
46600 19
46700 18
46800 18
46900 18
47000 18
47100 19
47200 18
47300 19
47400 19
47500 20
47600 18
47700 20
47800 18
47900 19
48000 18
48100 18
48200 19
48300 19
48400 20
48500 20
48600 20
48700 18
48800 19
48900 19
49000 21
49100 19
49200 21
49300 21
49400 21
49500 21
49600 22
49700 21
49800 20
49900 21
50000 21
50100 21
50200 20
50300 22
50400 23
50500 20
50600 21
50700 21
50800 22
50900 24
51000 22
51100 23
51200 25
51300 22
51400 24
51500 21
51600 20
51700 22
51800 22
51900 21
52000 21
52100 21
52200 22
52300 21
52400 20
52500 21
52600 21
52700 21
52800 21
52900 23
53000 21
53100 22
53200 20
53300 21
53400 22
53500 22
53600 23
53700 21
53800 20
53900 21
54000 21
54100 22
54200 20
54300 21
54400 22
54500 21
54600 21
54700 21
54800 21
54900 22
55000 22
55100 23
55200 21
55300 24
55400 24
55500 36
55600 25
55700 23
55800 23
55900 25
56000 24
56100 24
56200 23
56300 24
56400 25
56500 23
56600 24
56700 24
56800 23
56900 23
57000 24
57100 23
57200 24
57300 24
57400 24
57500 24
57600 24
57700 25
57800 24
57900 25
58000 25
58100 24
58200 25
58300 25
58400 24
58500 26
58600 23
58700 25
58800 24
58900 24
59000 24
59100 24
59200 26
59300 25
59400 25
59500 26
59600 25
59700 24
59800 24
59900 27
60000 25
60100 24
60200 23
60300 24
60400 25
60500 25
60600 25
60700 26
60800 25
60900 26
61000 28
61100 27
61200 28
61300 28
61400 29
61500 28
61600 27
61700 29
61800 28
61900 28
62000 28
62100 28
62200 30
62300 28
62400 29
62500 27
62600 27
62700 27
62800 28
62900 30
63000 28
63100 27
63200 27
63300 28
63400 28
63500 27
63600 24
63700 26
63800 27
63900 25
64000 26
64100 26
64200 25
64300 26
64400 25
64500 25
64600 25
64700 25
64800 27
64900 25
65000 26
65100 25
65200 26
65300 25
65400 27
65500 27
65600 26
65700 26
65800 25
65900 26
66000 27
66100 26
66200 26
66300 27
66400 26
66500 25
66600 28
66700 26
66800 25
66900 26
67000 26
67100 27
67200 27
67300 26
67400 28
67500 28
67600 29
67700 28
67800 28
67900 28
68000 28
68100 28
68200 27
68300 27
68400 27
68500 27
68600 27
68700 28
68800 28
68900 28
69000 29
69100 27
69200 27
69300 28
69400 29
69500 28
69600 28
69700 28
69800 27
69900 29
70000 28
70100 29
70200 31
70300 28
70400 28
70500 29
70600 28
70700 28
70800 29
70900 27
71000 28
71100 30
71200 27
71300 28
71400 27
71500 27
71600 28
71700 29
71800 28
71900 28
72000 28
72100 28
72200 29
72300 30
72400 28
72500 28
72600 28
72700 28
72800 30
72900 28
73000 28
73100 29
73200 29
73300 28
73400 28
73500 28
73600 30
73700 28
73800 30
73900 29
74000 34
74100 32
74200 35
74300 45
74400 33
74500 32
74600 31
74700 33
74800 34
74900 33
75000 40
75100 32
75200 33
75300 33
75400 32
75500 31
75600 30
75700 42
75800 47
75900 32
76000 33
76100 35
76200 31
76300 33
76400 34
76500 32
76600 33
76700 33
76800 34
76900 33
77000 32
77100 31
77200 32
77300 33
77400 34
77500 38
77600 43
77700 34
77800 37
77900 33
78000 35
78100 35
78200 34
78300 33
78400 39
78500 39
78600 36
78700 35
78800 35
78900 36
79000 37
79100 39
79200 38
79300 35
79400 35
79500 35
79600 34
79700 37
79800 39
79900 35
80000 40
80100 39
80200 37
80300 31
80400 33
80500 33
80600 33
80700 34
80800 32
80900 32
81000 32
81100 33
81200 31
81300 34
81400 35
81500 31
81600 34
81700 34
81800 36
81900 34
82000 33
82100 39
82200 37
82300 35
82400 35
82500 38
82600 40
82700 45
82800 38
82900 35
83000 36
83100 36
83200 40
83300 44
83400 40
83500 35
83600 37
83700 56
83800 40
83900 38
84000 38
84100 38
84200 42
84300 41
84400 37
84500 38
84600 37
84700 37
84800 37
84900 36
85000 39
85100 37
85200 37
85300 38
85400 36
85500 36
85600 38
85700 37
85800 38
85900 35
86000 36
86100 36
86200 36
86300 38
86400 39
86500 36
86600 37
86700 39
86800 37
86900 38
87000 40
87100 36
87200 38
87300 37
87400 37
87500 38
87600 37
87700 38
87800 37
87900 37
88000 37
88100 38
88200 39
88300 38
88400 40
88500 39
88600 39
88700 38
88800 39
88900 39
89000 39
89100 42
89200 38
89300 38
89400 38
89500 36
89600 38
89700 37
89800 39
89900 38
90000 37
90100 41
90200 37
90300 37
90400 37
90500 37
90600 38
90700 37
90800 38
90900 40
91000 38
91100 41
91200 38
91300 40
91400 38
91500 41
91600 38
91700 38
91800 38
91900 38
92000 39
92100 41
92200 40
92300 40
92400 40
92500 39
92600 39
92700 41
92800 39
92900 40
93000 39
93100 39
93200 99
93300 41
93400 42
93500 41
93600 42
93700 45
93800 43
93900 40
94000 45
94100 41
94200 42
94300 41
94400 41
94500 44
94600 42
94700 40
94800 41
94900 41
95000 40
95100 39
95200 44
95300 41
95400 41
95500 41
95600 43
95700 48
95800 44
95900 45
96000 43
96100 43
96200 42
96300 43
96400 42
96500 41
96600 45
96700 43
96800 43
96900 43
97000 43
97100 44
97200 43
97300 42
97400 43
97500 44
97600 42
97700 43
97800 42
97900 44
98000 44
98100 44
98200 40
98300 43
98400 43
98500 44
98600 42
98700 42
98800 42
98900 42
99000 43
99100 42
99200 44
99300 44
99400 43
99500 42
99600 46
99700 42
99800 44
99900 45
100000 43
