500 0
600 0
700 0
800 0
900 0
1000 0
1100 0
1200 0
1300 1
1400 1
1500 1
1600 1
1700 1
1800 1
1900 1
2000 1
2100 1
2200 1
2300 1
2400 2
2500 2
2600 2
2700 2
2800 2
2900 2
3000 2
3100 2
3200 2
3300 2
3400 3
3500 3
3600 3
3700 3
3800 3
3900 3
4000 3
4100 3
4200 4
4300 4
4400 4
4500 4
4600 4
4700 4
4800 4
4900 4
5000 4
5100 4
5200 5
5300 5
5400 5
5500 5
5600 5
5700 5
5800 5
5900 5
6000 5
6100 6
6200 6
6300 6
6400 6
6500 6
6600 6
6700 8
6800 10
6900 12
7000 11
7100 9
7200 8
7300 7
7400 7
7500 9
7600 7
7700 7
7800 7
7900 8
8000 8
8100 8
8200 8
8300 8
8400 8
8500 8
8600 8
8700 9
8800 9
8900 9
9000 9
9100 9
9200 9
9300 9
9400 9
9500 10
9600 10
9700 10
9800 10
9900 10
10000 10
10100 12
10200 12
10300 13
10400 12
10500 18
10600 19
10700 13
10800 12
10900 12
11000 12
11100 12
11200 12
11300 12
11400 12
11500 13
11600 13
11700 13
11800 13
11900 13
12000 13
12100 13
12200 13
12300 14
12400 14
12500 14
12600 14
12700 14
12800 14
12900 14
13000 14
13100 15
13200 15
13300 15
13400 15
13500 15
13600 15
13700 15
13800 15
13900 15
14000 16
14100 16
14200 16
14300 16
14400 16
14500 18
14600 16
14700 16
14800 16
14900 17
15000 17
15100 17
15200 17
15300 17
15400 17
15500 17
15600 17
15700 18
15800 18
15900 18
16000 18
16100 18
16200 18
16300 19
16400 19
16500 19
16600 19
16700 20
16800 20
16900 20
17000 20
17100 20
17200 20
17300 20
17400 20
17500 20
17600 21
17700 21
17800 21
17900 21
18000 22
18100 22
18200 22
18300 22
18400 22
18500 22
18600 22
18700 22
18800 23
18900 23
19000 23
19100 23
19200 25
19300 23
19400 23
19500 24
19600 24
19700 24
19800 24
19900 24
20000 24
20100 24
20200 24
20300 24
20400 25
20500 25
20600 25
20700 25
20800 25
20900 25
21000 25
21100 25
21200 25
21300 25
21400 26
21500 26
21600 26
21700 26
21800 27
21900 26
22000 27
22100 27
22200 27
22300 27
22400 27
22500 27
22600 27
22700 28
22800 28
22900 28
23000 28
23100 28
23200 28
23300 28
23400 28
23500 29
23600 29
23700 29
23800 29
23900 29
24000 30
24100 30
24200 28
24300 29
24400 29
24500 29
24600 30
24700 30
24800 30
24900 30
25000 30
25100 31
25200 31
25300 31
25400 32
25500 32
25600 31
25700 32
25800 32
25900 32
26000 32
26100 32
26200 32
26300 32
26400 32
26500 32
26600 32
26700 33
26800 33
26900 33
27000 33
27100 33
27200 33
27300 34
27400 34
27500 34
27600 34
27700 34
27800 34
27900 34
28000 34
28100 34
28200 34
28300 34
28400 35
28500 35
28600 35
28700 36
28800 36
28900 39
29000 38
29100 37
29200 37
29300 36
29400 36
29500 36
29600 36
29700 36
29800 37
29900 37
30000 37
30100 37
30200 37
30300 38
30400 38
30500 38
30600 38
30700 38
30800 39
30900 39
31000 39
31100 40
31200 39
31300 39
31400 39
31500 39
31600 39
31700 39
31800 39
31900 39
32000 39
32100 39
32200 39
32300 39
32400 40
32500 40
32600 40
32700 40
32800 41
32900 42
33000 41
33100 41
33200 42
33300 41
33400 42
33500 42
33600 43
33700 43
33800 42
33900 43
34000 43
34100 43
34200 43
34300 43
34400 43
34500 43
34600 44
34700 44
34800 44
34900 44
35000 44
35100 45
35200 44
35300 44
35400 45
35500 45
35600 45
35700 45
35800 45
35900 45
36000 45
36100 46
36200 46
36300 46
36400 46
36500 47
36600 46
36700 47
36800 47
36900 46
37000 47
37100 47
37200 47
37300 47
37400 47
37500 47
37600 47
37700 48
37800 49
37900 49
38000 49
38100 50
38200 49
38300 49
38400 48
38500 49
38600 49
38700 49
38800 49
38900 49
39000 49
39100 51
39200 49
39300 49
39400 50
39500 50
39600 50
39700 50
39800 50
39900 50
40000 51
40100 50
40200 51
40300 51
40400 51
40500 51
40600 51
40700 51
40800 51
40900 52
41000 52
41100 52
41200 52
41300 52
41400 52
41500 52
41600 52
41700 52
41800 54
41900 53
42000 54
42100 55
42200 54
42300 54
42400 55
42500 54
42600 54
42700 55
42800 54
42900 54
43000 55
43100 55
43200 55
43300 55
43400 56
43500 56
43600 56
43700 56
43800 57
43900 56
44000 56
44100 56
44200 56
44300 57
44400 57
44500 57
44600 57
44700 57
44800 57
44900 57
45000 58
45100 58
45200 58
45300 57
45400 56
45500 56
45600 56
45700 56
45800 56
45900 56
46000 56
46100 57
46200 57
46300 57
46400 57
46500 57
46600 58
46700 58
46800 57
46900 58
47000 58
47100 58
47200 58
47300 58
47400 58
47500 58
47600 59
47700 59
47800 59
47900 59
48000 59
48100 59
48200 59
48300 60
48400 61
48500 61
48600 62
48700 62
48800 61
48900 61
49000 62
49100 62
49200 62
49300 61
49400 61
49500 61
49600 61
49700 61
49800 61
49900 63
50000 71
50100 76
50200 66
50300 65
50400 65
50500 65
50600 66
50700 67
50800 67
50900 67
51000 67
51100 67
51200 67
51300 67
51400 67
51500 67
51600 69
51700 68
51800 78
51900 69
52000 67
52100 91
52200 82
52300 77
52400 75
52500 99
52600 113
52700 73
52800 74
52900 79
53000 67
53100 68
53200 76
53300 68
53400 70
53500 74
53600 72
53700 76
53800 73
53900 72
54000 74
54100 72
54200 75
54300 88
54400 77
54500 68
54600 67
54700 68
54800 68
54900 69
55000 69
55100 68
55200 68
55300 68
55400 69
55500 69
55600 83
55700 147
55800 201
55900 138
56000 79
56100 80
56200 82
56300 77
56400 77
56500 76
56600 76
56700 75
56800 75
56900 75
57000 75
57100 75
57200 76
57300 77
57400 76
57500 76
57600 76
57700 77
57800 76
57900 77
58000 77
58100 77
58200 77
58300 77
58400 77
58500 77
58600 77
58700 77
58800 78
58900 76
59000 76
59100 77
59200 77
59300 77
59400 77
59500 78
59600 78
59700 77
59800 78
59900 79
60000 79
60100 78
60200 78
60300 75
60400 76
60500 76
60600 76
60700 76
60800 77
60900 77
61000 77
61100 77
61200 77
61300 77
61400 78
61500 77
61600 78
61700 78
61800 77
61900 78
62000 78
62100 78
62200 79
62300 78
62400 78
62500 80
62600 81
62700 83
62800 83
62900 83
63000 83
63100 83
63200 83
63300 83
63400 84
63500 84
63600 84
63700 84
63800 83
63900 85
64000 86
64100 84
64200 85
64300 90
64400 81
64500 82
64600 81
64700 81
64800 82
64900 83
65000 82
65100 82
65200 82
65300 82
65400 82
65500 82
65600 99
65700 85
65800 86
65900 85
66000 85
66100 85
66200 85
66300 86
66400 85
66500 85
66600 85
66700 86
66800 86
66900 86
67000 91
67100 89
67200 86
67300 87
67400 87
67500 87
67600 89
67700 87
67800 88
67900 88
68000 89
68100 89
68200 88
68300 89
68400 89
68500 89
68600 89
68700 90
68800 89
68900 90
69000 90
69100 90
69200 90
69300 90
69400 90
69500 90
69600 91
69700 91
69800 91
69900 91
70000 90
70100 90
70200 90
70300 91
70400 91
70500 91
70600 91
70700 91
70800 92
70900 92
71000 92
71100 92
71200 92
71300 92
71400 92
71500 94
71600 93
71700 93
71800 93
71900 93
72000 94
72100 94
72200 94
72300 95
72400 95
72500 95
72600 95
72700 95
72800 95
72900 95
73000 95
73100 95
73200 95
73300 96
73400 96
73500 96
73600 96
73700 96
73800 96
73900 96
74000 96
74100 96
74200 96
74300 96
74400 96
74500 97
74600 97
74700 98
74800 98
74900 98
75000 97
75100 98
75200 97
75300 98
75400 97
75500 98
75600 98
75700 98
75800 98
75900 99
76000 100
76100 115
76200 100
76300 100
76400 100
76500 100
76600 100
76700 100
76800 100
76900 101
77000 100
77100 101
77200 101
77300 101
77400 101
77500 101
77600 101
77700 102
77800 101
77900 105
78000 101
78100 102
78200 102
78300 102
78400 102
78500 102
78600 102
78700 102
78800 103
78900 103
79000 103
79100 103
79200 103
79300 104
79400 104
79500 104
79600 104
79700 105
79800 105
79900 105
80000 105
80100 105
80200 105
80300 106
80400 105
80500 106
80600 106
80700 106
80800 107
80900 106
81000 106
81100 107
81200 106
81300 107
81400 107
81500 106
81600 106
81700 106
81800 107
81900 107
82000 108
82100 107
82200 107
82300 107
82400 107
82500 108
82600 108
82700 108
82800 108
82900 108
83000 109
83100 108
83200 109
83300 109
83400 110
83500 109
83600 109
83700 115
83800 110
83900 110
84000 110
84100 110
84200 140
84300 110
84400 110
84500 110
84600 110
84700 111
84800 110
84900 111
85000 112
85100 112
85200 111
85300 112
85400 111
85500 112
85600 112
85700 112
85800 112
85900 112
86000 112
86100 113
86200 112
86300 113
86400 113
86500 113
86600 114
86700 114
86800 114
86900 114
87000 114
87100 115
87200 115
87300 115
87400 115
87500 115
87600 115
87700 116
87800 116
87900 116
88000 116
88100 116
88200 116
88300 116
88400 116
88500 116
88600 116
88700 116
88800 116
88900 116
89000 116
89100 117
89200 117
89300 117
89400 117
89500 117
89600 119
89700 117
89800 118
89900 118
90000 119
90100 118
90200 119
90300 119
90400 120
90500 119
90600 119
90700 120
90800 120
90900 120
91000 120
91100 120
91200 120
91300 121
91400 121
91500 121
91600 121
91700 121
91800 122
91900 121
92000 123
92100 122
92200 123
92300 122
92400 123
92500 123
92600 124
92700 123
92800 123
92900 123
93000 129
93100 134
93200 127
93300 129
93400 131
93500 131
93600 132
93700 130
93800 129
93900 136
94000 128
94100 128
94200 129
94300 139
94400 140
94500 151
94600 142
94700 134
94800 135
94900 141
95000 138
95100 140
95200 134
95300 134
95400 134
95500 134
95600 135
95700 137
95800 135
95900 135
96000 135
96100 135
96200 136
96300 135
96400 136
96500 136
96600 135
96700 137
96800 136
96900 138
97000 139
97100 141
97200 143
97300 140
97400 138
97500 137
97600 137
97700 138
97800 138
97900 136
98000 137
98100 142
98200 141
98300 139
98400 139
98500 139
98600 141
98700 141
98800 139
98900 139
99000 140
99100 140
99200 139
99300 139
99400 140
99500 140
99600 140
99700 140
99800 141
99900 140
100000 140
