500 0
600 0
700 0
800 0
900 0
1000 1
1100 1
1200 1
1300 2
1400 2
1500 2
1600 3
1700 3
1800 3
1900 4
2000 5
2100 5
2200 5
2300 6
2400 6
2500 7
2600 8
2700 9
2800 9
2900 10
3000 11
3100 11
3200 12
3300 12
3400 13
3500 13
3600 14
3700 15
3800 16
3900 17
4000 17
4100 18
4200 19
4300 20
4400 21
4500 22
4600 24
4700 25
4800 26
4900 27
5000 28
5100 30
5200 30
5300 32
5400 33
5500 34
5600 36
5700 37
5800 38
5900 39
6000 40
6100 42
6200 43
6300 45
6400 46
6500 48
6600 49
6700 52
6800 52
6900 55
7000 55
7100 57
7200 62
7300 61
7400 64
7500 64
7600 65
7700 68
7800 69
7900 78
8000 76
8100 77
8200 76
8300 77
8400 80
8500 80
8600 81
8700 87
8800 90
8900 93
9000 93
9100 95
9200 99
9300 98
9400 103
9500 103
9600 106
9700 108
9800 110
9900 136
10000 110
10100 112
10200 114
10300 117
10400 119
10500 122
10600 125
10700 128
10800 129
10900 132
11000 134
11100 139
11200 147
11300 149
11400 151
11500 150
11600 153
11700 151
11800 154
11900 155
12000 157
12100 159
12200 162
12300 166
12400 168
12500 170
12600 172
12700 176
12800 178
12900 180
13000 183
13100 189
13200 190
13300 192
13400 195
13500 198
13600 201
13700 205
13800 208
13900 211
14000 214
14100 216
14200 219
14300 226
14400 227
14500 231
14600 233
14700 240
14800 242
14900 240
15000 247
15100 250
15200 251
15300 255
15400 258
15500 261
15600 264
15700 266
15800 269
15900 271
16000 275
16100 278
16200 291
16300 288
16400 306
16500 309
16600 351
16700 395
16800 406
16900 459
17000 373
17100 398
17200 322
17300 327
17400 475
17500 353
17600 355
17700 355
17800 356
17900 364
18000 370
18100 374
18200 377
18300 388
18400 368
18500 373
18600 379
18700 2049
18800 386
18900 391
19000 417
19100 398
19200 404
19300 406
19400 409
19500 410
19600 417
19700 437
19800 436
19900 441
20000 438
20100 444
20200 452
20300 449
20400 466
20500 465
20600 462
20700 473
20800 473
20900 481
21000 481
21100 488
21200 491
21300 495
21400 501
21500 516
21600 515
21700 519
21800 550
21900 523
22000 525
22100 529
22200 535
22300 543
22400 547
22500 555
22600 577
22700 590
22800 589
22900 577
23000 576
23100 625
23200 598
23300 620
23400 611
23500 616
23600 626
23700 612
23800 616
23900 624
24000 629
24100 636
24200 644
24300 650
24400 653
24500 675
24600 675
24700 676
24800 2328
24900 683
25000 708
25100 787
25200 759
25300 753
25400 761
25500 760
25600 774
25700 795
25800 825
25900 814
26000 754
26100 782
26200 805
26300 784
26400 815
26500 801
26600 806
26700 798
26800 844
26900 875
27000 870
27100 808
27200 816
27300 823
27400 822
27500 826
27600 837
27700 851
27800 851
27900 857
28000 862
28100 881
28200 874
28300 880
28400 887
28500 884
28600 897
28700 913
28800 2572
28900 936
29000 930
29100 983
29200 962
29300 958
29400 956
29500 964
29600 968
29700 966
29800 976
29900 978
30000 998
30100 1010
30200 1002
30300 1002
30400 1016
30500 1074
30600 1139
30700 1031
30800 1040
30900 1158
31000 1158
31100 1132
31200 1084
31300 1143
31400 1217
31500 1270
31600 1202
31700 1181
31800 2798
31900 1141
32000 1157
32100 1156
32200 1208
32300 1287
32400 1244
32500 1230
32600 1251
32700 1402
32800 1323
32900 1407
33000 1317
33100 1353
33200 1272
33300 1260
33400 1282
33500 1277
33600 1282
33700 1430
33800 1321
33900 1355
34000 1336
34100 1414
34200 1511
34300 3039
34400 1361
34500 1401
34600 1410
34700 1411
34800 1515
34900 1587
35000 1429
35100 1655
35200 1607
35300 1595
35400 1494
35500 1463
35600 1570
35700 1579
35800 1558
35900 1430
36000 1432
36100 1435
36200 1443
36300 1473
36400 1516
36500 3233
36600 1657
36700 1702
36800 1567
36900 1534
37000 1541
37100 1529
37200 1520
37300 1526
37400 1552
37500 1713
37600 1688
37700 1583
37800 1593
37900 1591
38000 1593
38100 1642
38200 1604
38300 1644
38400 1752
38500 3410
38600 1742
38700 1775
38800 1659
38900 1659
39000 1662
39100 1658
39200 1676
39300 1690
39400 1687
39500 1707
39600 1701
39700 1716
39800 1721
39900 1732
40000 1788
40100 1762
40200 1770
40300 1774
40400 3561
40500 1829
40600 1839
40700 1848
40800 1862
40900 1771
41000 1763
41100 1793
41200 1858
41300 1853
41400 1872
41500 1875
41600 1982
41700 1897
41800 1922
41900 1933
42000 1949
42100 3603
42200 1995
42300 2010
42400 2016
42500 1973
42600 1967
42700 1992
42800 2000
42900 2007
43000 1980
43100 2305
43200 2100
43300 2066
43400 2076
43500 2095
43600 2117
43700 3757
43800 2184
43900 2189
44000 2133
44100 2126
44200 2131
44300 2146
44400 2206
44500 2119
44600 2137
44700 2179
44800 2212
44900 2226
45000 2224
45100 3884
45200 2330
45300 2398
45400 2367
45500 2347
45600 2323
45700 2475
45800 2313
45900 2311
46000 2308
46100 2332
46200 2405
46300 2475
46400 2364
46500 4013
46600 2586
46700 2544
46800 2534
46900 2503
47000 2482
47100 2462
47200 2436
47300 2485
47400 2594
47500 2601
47600 2663
47700 2632
47800 4280
47900 2695
48000 3052
48100 2891
48200 2760
48300 2725
48400 2734
48500 2823
48600 2964
48700 2832
48800 2913
48900 4661
49000 3164
49100 3214
49200 3470
49300 3416
49400 3227
49500 3244
49600 3325
49700 3342
49800 3394
49900 4644
50000 3091
50100 2985
50200 2882
50300 2900
50400 2898
50500 2934
50600 2932
50700 2859
50800 2847
50900 2890
51000 4719
51100 3094
51200 3135
51300 3335
51400 3269
51500 3177
51600 3333
51700 3089
51800 3236
51900 3236
52000 5133
52100 3157
52200 3141
52300 2938
52400 2928
52500 3069
52600 3161
52700 3353
52800 3562
52900 3552
53000 5763
53100 3109
53200 3061
53300 3012
53400 3039
53500 3267
53600 3125
53700 3162
53800 3214
53900 3216
54000 5100
54100 3215
54200 3171
54300 3118
54400 3156
54500 3252
54600 3411
54700 3470
54800 3529
54900 3604
55000 5580
55100 4082
55200 3624
55300 3309
55400 3371
55500 3381
55600 3427
55700 3478
55800 3536
55900 5309
56000 3506
56100 3314
56200 3300
56300 3388
56400 3449
56500 3473
56600 3528
56700 3543
56800 5550
56900 3539
57000 3401
57100 3388
57200 3534
57300 3569
57400 3585
57500 3615
57600 3678
57700 5843
57800 3866
57900 3847
58000 3687
58100 3700
58200 3850
58300 3928
58400 4081
58500 5650
58600 3786
58700 3794
58800 3828
58900 3828
59000 3843
59100 3898
59200 4092
59300 4254
59400 6271
59500 4384
59600 4476
59700 4708
59800 4732
59900 4771
60000 6421
60100 5030
60200 4839
60300 4951
60400 4903
60500 4968
60600 4976
60700 6491
60800 4913
60900 5325
61000 5000
61100 4837
61200 4962
61300 6696
61400 4931
61500 5061
61600 5156
61700 5052
61800 5440
61900 5493
62000 6795
62100 5140
62200 5118
62300 5176
62400 5170
62500 5143
62600 6771
62700 5240
62800 5210
62900 5328
63000 5448
63100 5788
63200 7127
63300 5235
63400 5249
63500 5347
63600 5448
63700 5806
63800 7500
63900 7210
64000 9294
64100 7604
64200 8763
64300 7397
64400 7221
64500 7953
64600 9268
64700 6579
64800 7544
64900 7243
65000 7424
65100 9427
65200 7483
65300 7213
65400 7395
65500 8550
65600 7374
65700 7246
65800 7375
65900 6960
66000 8824
66100 7390
66200 7400
66300 7528
66400 10135
66500 8036
66600 7529
66700 7492
66800 9231
66900 7687
67000 7498
67100 8012
67200 9531
67300 6918
67400 6695
67500 6866
67600 7740
67700 8643
67800 7313
67900 7340
68000 7420
68100 9332
68200 7463
68300 7409
68400 7441
68500 7612
68600 9192
68700 7736
68800 7514
68900 7509
69000 9448
69100 7739
69200 8202
69300 8058
69400 9404
69500 8236
69600 7819
69700 7807
69800 9695
69900 7970
70000 7880
70100 8793
70200 9669
70300 7867
70400 7918
70500 8100
70600 10040
70700 8374
70800 8568
70900 8219
71000 9911
71100 8212
71200 8589
71300 8255
71400 10587
71500 8095
71600 8207
71700 8444
71800 9982
71900 8247
72000 8013
72100 10223
72200 7477
72300 6644
72400 6818
72500 6884
72600 9026
72700 7076
72800 7135
72900 6814
73000 7141
73100 9025
73200 6718
73300 6781
73400 6926
73500 9073
73600 7086
73700 7569
73800 7120
73900 7191
74000 9180
74100 7014
74200 6947
74300 7096
74400 9326
74500 7133
74600 7902
74700 7310
74800 9206
74900 7395
75000 7763
75100 7641
75200 7634
75300 9445
75400 7242
75500 7399
75600 7595
75700 8366
75800 8102
75900 10488
76000 7561
76100 7437
76200 7392
76300 9180
76400 7557
76500 7518
76600 8052
76700 9424
76800 8511
76900 7513
77000 7957
77100 9519
77200 7942
77300 7645
77400 8337
77500 9966
77600 8124
77700 7841
77800 8401
77900 9533
78000 7917
78100 7842
78200 9074
78300 10500
78400 7852
78500 8195
78600 8936
78700 9665
78800 8724
78900 8541
79000 8666
79100 8520
79200 8647
79300 8653
79400 8351
79500 8085
79600 9132
79700 8774
79800 9684
79900 8357
80000 8685
80100 8625
80200 9977
80300 9643
80400 8475
80500 9702
80600 8737
80700 8796
80800 9385
80900 9201
81000 7391
81100 7525
81200 7253
81300 8489
81400 7505
81500 7443
81600 7450
81700 8808
81800 7630
81900 7584
82000 7422
82100 7608
82200 9088
82300 7485
82400 7543
82500 7626
82600 8715
82700 7519
82800 7656
82900 7716
83000 8977
83100 7551
83200 7730
83300 7744
83400 9060
83500 7615
83600 7698
83700 7857
83800 9135
83900 7772
84000 8234
84100 7882
84200 9181
84300 7663
84400 7961
84500 7937
84600 9612
84700 8127
84800 8228
84900 8096
85000 9178
85100 8297
85200 8221
85300 8106
85400 9570
85500 8191
85600 7943
85700 8173
85800 10293
85900 8257
86000 8180
86100 8163
86200 9583
86300 8221
86400 8188
86500 8234
86600 9814
86700 8697
86800 8423
86900 8685
87000 10198
87100 8356
87200 8461
87300 8764
87400 10189
87500 9094
87600 8516
87700 9853
87800 8514
87900 8480
88000 8551
88100 10810
88200 8614
88300 8945
88400 9441
88500 10202
88600 8680
88700 8923
88800 11085
88900 8918
89000 8592
89100 8868
89200 10550
89300 8495
89400 9111
89500 10900
89600 9265
89700 8645
89800 9006
89900 10581
90000 8729
90100 8926
90200 9043
90300 11016
90400 9101
90500 9599
90600 10974
90700 9153
90800 9093
90900 10922
91000 9391
91100 9114
91200 9238
91300 11145
91400 8825
91500 9384
91600 11825
91700 10290
91800 10781
91900 13383
92000 11064
92100 11489
92200 13813
92300 9661
92400 11625
92500 13340
92600 11388
92700 10241
92800 11339
92900 9354
93000 9627
93100 11643
93200 10213
93300 9929
93400 9836
93500 12165
93600 9847
93700 10057
93800 11293
93900 9950
94000 10428
94100 12075
94200 9896
94300 9898
94400 11475
94500 10017
94600 11576
94700 13045
94800 11802
94900 12803
95000 11781
95100 9924
95200 10137
95300 11920
95400 10495
95500 10207
95600 11707
95700 10070
95800 10195
95900 12202
96000 10529
96100 10204
96200 12137
96300 10534
96400 10586
96500 12284
96600 10403
96700 10558
96800 12332
96900 10547
97000 10460
97100 10517
97200 13097
97300 11060
97400 12098
97500 10462
97600 11139
97700 12305
97800 10681
97900 10705
98000 12520
98100 10573
98200 10869
98300 12393
98400 10981
98500 10868
98600 12325
98700 10740
98800 10712
98900 12788
99000 10873
99100 11244
99200 13012
99300 10872
99400 11555
99500 12581
99600 11068
99700 10865
99800 12743
99900 11185
100000 11000
